0
12
22
33
43
54
64
74
85
95
106
116
126
137
147
158
168
178
189
199
210
220
230
241
251
262
272
282
293
303
314
324
335
345
355
366
376
387
397
407
418
428
439
449
459
470
480
491
501
511
522
532
543
553
563
574
584
595
605
615
626
636
647
657
668
678
688
699
709
720
730
740
751
761
772
782
792
803
813
824
834
844
855
865
876
886
896
907
917
928
938
949
959
969
980
990
1001
1011
1021
1032
1042
1053
1063
1073
1084
1094
1105
1115
1125
1136
1146
1157
1167
1177
1188
1198
1209
1219
1229
1246
1260
1273
1287
1300
1314
1328
1341
1355
1368
1382
1395
1409
1423
1436
1450
1463
1477
1491
1504
1518
1531
1545
1558
1572
1586
1599
1613
1626
1640
1654
1667
1681
1694
1708
1721
1735
1749
1762
1776
1789
1803
1816
1830
1844
1857
1871
1884
1898
1912
1925
1939
1952
1966
1979
1993
2007
2020
2034
2047
2061
2075
2088
2102
2115
2129
2142
2156
2170
2183
2197
2210
2224
2238
2251
2265
2278
2292
2305
2319
2333
2346
2360
2373
2387
2400
2414
2428
2441
2455
2468
2482
2496
2509
2523
2536
2550
2563
2577
2591
2604
2618
2631
2645
2659
2672
2686
2699
2713
2726
2740
2754
2767
2781
2794
2808
2822
2835
2849
2862
2876
2889
2903
2917
2930
2944
2957
2971
2984
2998
3012
3025
3039
3052
3066
3080
3093
3107
3120
3134
3147
3161
3175
3188
3202
3215
3229
3243
3256
3270
3283
3297
3310
3324
3338
3351
3365
3378
3392
3406
3419
3437
3451
3464
3478
3491
3505
3518
3532
3545
3559
3573
3586
3600
3613
3627
3640
3654
3667
3681
3694
3708
3722
3735
3749
3762
3776
3789
3803
3816
3830
3843
3857
3871
3884
3898
3911
3925
3938
3952
3965
3979
3992
4006
4020
4033
4047
4060
4074
4087
4101
4114
4128
4141
4155
4169
4182
4196
4209
4223
4236
4250
4263
4277
4291
4304
4318
4331
4345
4358
4372
4385
4399
4412
4426
4440
4453
4467
4480
4494
4507
4521
4534
4548
4561
4575
4589
4602
4616
4629
4643
4656
4670
4683
4697
4710
4724
4738
4751
4776
4788
4800
4812
4824
4836
4848
4860
4873
4885
4897
4909
4921
4933
4945
4957
4970
4982
4994
5006
5018
5030
5042
5054
5067
5079
5091
5103
5115
5127
5139
5151
5163
5176
5188
5200
5212
5224
5236
5248
5260
5273
5285
5297
5309
5321
5333
5345
5357
5370
5382
5394
5406
5418
5430
5442
5454
5466
5479
5491
5503
5515
5527
5539
5551
5563
5576
5588
5600
5612
5624
5636
5648
5660
5673
5685
5697
5709
5721
5733
5745
5757
5769
5782
5794
5806
5818
5830
5842
5854
5866
5879
5891
5903
5915
5927
5939
5951
5963
5976
5988
6000
6012
6024
6036
6048
6060
6073
6086
6098
6110
6122
6134
6147
6159
6171
6183
6195
6208
6220
6232
6244
6256
6269
6281
6293
6305
6317
6329
6342
6354
6366
6378
6390
6403
6415
6427
6439
6451
6464
6476
6488
6500
6512
6524
6537
6549
6561
6573
6585
6598
6610
6622
6634
6646
6659
6671
6683
6695
6707
6720
6732
6744
6756
6768
6780
6793
6805
6817
6829
6841
6854
6866
6878
6890
6902
6915
6927
6939
6951
6963
6975
6988
7000
7012
7024
7036
7049
7061
7073
7085
7097
7110
7122
7134
7146
7158
7171
7183
7195
7207
7219
7231
7244
7256
7268
7280
7292
7305
7317
7329
7341
7353
7366
7378
7390
7402
7414
7426
7439
7451
7463
7475
7487
7500
7512
7524
7536
7548
7561
7573
7585
7597
7609
7622
7634
7646
7658
7670
7682
7695
7707
7719
7731
7743
7757
7770
7783
7796
7808
7821
7834
7847
7859
7872
7885
7898
7911
7923
7936
7949
7962
7974
7987
8000
8013
8026
8038
8051
8064
8077
8089
8102
8115
8128
8141
8153
8166
8179
8192
8204
8217
8230
8243
8256
8268
8281
8294
8307
8319
8332
8345
8358
8371
8383
8396
8409
8422
8434
8447
8460
8473
8486
8498
8511
8524
8537
8549
8562
8575
8588
8601
8613
8626
8639
8652
8664
8677
8690
8703
8716
8728
8741
8754
8767
8779
8792
8805
8818
8831
8843
8856
8869
8882
8894
8907
8920
8933
8945
8958
8971
8984
8997
9009
9022
9035
9048
9060
9073
9086
9099
9112
9124
9137
9150
9163
9175
9188
9201
9214
9227
9239
9252
9265
9278
9290
9303
9316
9329
9342
9354
9367
9380
9393
9405
9418
9431
9444
9457
9469
9482
9496
9507
9517
9528
9539
9549
9560
9570
9581
9592
9602
9613
9623
9634
9645
9655
9666
9676
9687
9698
9708
9719
9729
9740
9751
9761
9772
9782
9793
9804
9814
9825
9835
9846
9857
9867
9878
9888
9899
9910
9920
9931
9941
9952
9963
9973
9984
9994
10005
10016
10026
10037
10047
10058
10069
10079
10090
10100
10111
10122
10132
10143
10153
10164
10175
10185
10196
10206
10217
10228
10238
10249
10260
10270
10281
10291
10302
10313
10323
10334
10344
10355
10366
10376
10387
10397
10408
10419
10429
10440
10450
10461
10472
10482
10493
10503
10514
10525
10535
10546
10556
10567
10578
10588
10599
10609
10620
10631
10641
10652
10662
10673
10684
10694
10705
10715
10726
10737
10747
10758
10768
10779
10790
10800
10811
10821
10832
10843
10853
10864
10874
10885
10896
10906
10928
10939
10950
10961
10972
10983
10995
11006
11017
11028
11039
11050
11061
11073
11084
11095
11106
11117
11128
11139
11151
11162
11173
11184
11195
11206
11217
11229
11240
11251
11262
11273
11284
11296
11307
11318
11329
11340
11351
11362
11374
11385
11396
11407
11418
11429
11440
11452
11463
11474
11485
11496
11507
11518
11530
11541
11552
11563
11574
11585
11597
11608
11619
11630
11641
11652
11663
11675
11686
11697
11708
11719
11730
11741
11753
11764
11775
11786
11797
11808
11819
11831
11842
11853
11864
11875
11886
11898
11909
11920
11931
11942
11953
11964
11976
11987
11998
12009
12020
12031
12042
12054
12065
12076
12087
12098
12109
12120
12132
12143
12154
12169
12181
12193
12204
12216
12228
12240
12251
12263
12275
12287
12298
12310
12322
12334
12345
12357
12369
12381
12392
12404
12416
12428
12439
12451
12463
12475
12486
12498
12510
12521
12533
12545
12557
12568
12580
12592
12604
12615
12627
12639
12651
12662
12674
12686
12698
12709
12721
12733
12745
12756
12768
12780
12792
12803
12815
12827
12838
12850
12862
12874
12885
12897
12909
12921
12932
12944
12956
12968
12979
12991
13003
13015
13026
13038
13050
13062
13073
13085
13097
13109
13120
13132
13144
13156
13167
13179
13191
13202
13214
13226
13238
13249
13261
13273
13285
13296
13308
13320
13332
13343
13355
13367
13379
13390
13402
13414
13426
13437
13449
13461
13473
13484
13496
13508
13519
13531
13543
13555
13566
13578
13590
13602
13613
13625
13637
13649
13660
13672
13684
13696
13707
13719
13731
13743
13754
13766
13789
13800
13811
13822
13834
13845
13856
13867
13878
13890
13901
13912
13923
13934
13946
13957
13968
13979
13990
14002
14013
14024
14035
14046
14058
14069
14080
14091
14102
14114
14125
14136
14147
14158
14170
14181
14192
14203
14214
14226
14237
14248
14259
14270
14282
14293
14304
14315
14326
14338
14349
14360
14371
14382
14394
14405
14416
14427
14438
14450
14461
14472
14483
14494
14506
14517
14528
14539
14550
14562
14573
14584
14595
14606
14618
14629
14640
14651
14662
14674
14685
14696
14707
14718
14730
14741
14752
14763
14774
14786
14797
14808
14819
14830
14842
14853
14864
14875
14886
14898
14909
14920
14931
14942
14954
14965
14976
14987
14998
15010
15021
15032
15043
15054
15066
15077
15088
15099
15110
15122
15133
15144
15155
15166
15178
15189
15210
15222
15233
15245
15257
15268
15280
15292
15303
15315
15326
15338
15350
15361
15373
15385
15396
15408
15420
15431
15443
15454
15466
15478
15489
15501
15513
15524
15536
15548
15559
15571
15582
15594
15606
15617
15629
15641
15652
15664
15676
15687
15699
15710
15722
15734
15745
15757
15769
15780
15792
15804
15815
15827
15838
15850
15862
15873
15885
15897
15908
15920
15932
15943
15955
15966
15978
15990
16001
16013
16025
16036
16048
16060
16071
16083
16094
16106
16118
16129
16141
16153
16164
16176
16188
16199
16211
16222
16234
16246
16257
16269
16281
16292
16304
16316
16327
16339
16350
16362
16374
16385
16397
16409
16420
16432
16444
16455
16467
16478
16490
16502
16513
16525
16537
16548
16560
16571
16583
16595
16606
16618
16630
16641
16653
16665
16676
16688
16699
16711
16723
16734
16746
16758
16769
16793
16807
16822
16836
16851
16865
16879
16894
16908
16923
16937
16951
16966
16980
16995
17009
17024
17038
17052
17067
17081
17096
17110
17124
17139
17153
17168
17182
17197
17211
17225
17240
17254
17269
17283
17297
17312
17326
17341
17355
17370
17384
17398
17413
17427
17442
17456
17470
17485
17499
17514
17528
17543
17557
17571
17586
17600
17615
17629
17643
17658
17672
17687
17701
17716
17730
17744
17759
17773
17788
17802
17816
17831
17845
17860
17874
17889
17903
17917
17932
17946
17961
17975
17989
18004
18018
18033
18047
18062
18076
18090
18105
18119
18134
18148
18162
18177
18191
18206
18220
18235
18249
18263
18278
18292
18307
18321
18335
18350
18364
18387
18404
18422
18439
18456
18474
18491
18509
18526
18543
18561
18578
18596
18613
18630
18648
18665
18682
18700
18717
18735
18752
18769
18787
18804
18822
18839
18856
18874
18891
18908
18926
18943
18961
18978
18995
19013
19030
19048
19065
19082
19100
19117
19135
19152
19169
19187
19204
19221
19239
19256
19274
19291
19308
19326
19343
19361
19378
19395
19413
19430
19447
19465
19482
19500
19517
19534
19552
19569
19587
19604
19621
19639
19656
19673
19691
19708
19726
19743
19760
19778
19795
19813
19830
19847
19865
19882
19900
19917
19934
19952
19969
19986
20004
20021
20039
20056
20073
20091
20108
20126
20143
20160
20178
20195
20212
20230
20247
20265
20282
20299
20317
20334
20352
20369
20386
20404
20421
20439
20456
20473
20491
20508
20525
20543
20560
20578
20595
20612
20648
20666
20685
20703
20721
20740
20758
20776
20795
20813
20831
20850
20868
20886
20905
20923
20942
20960
20978
20997
21015
21033
21052
21070
21088
21107
21125
21143
21162
21180
21199
21217
21235
21254
21272
21290
21309
21327
21345
21364
21382
21400
21419
21437
21456
21474
21492
21511
21529
21547
21566
21584
21602
21621
21639
21657
21676
21694
21713
21731
21749
21768
21786
21804
21823
21841
21859
21878
21896
21914
21933
21951
21969
21988
22006
22025
22043
22061
22080
22098
22116
22135
22153
22171
22190
22208
22226
22245
22263
22282
22300
22318
22337
22355
22373
22392
22410
22428
22447
22465
22483
22502
22520
22539
22557
22575
22594
22612
22630
22649
22667
22685
22704
22722
22771
22803
22835
22867
22899
22931
22963
22995
23027
23059
23091
23123
23155
23187
23219
23251
23283
23315
23347
23379
23411
23443
23475
23507
23539
23571
23603
23635
23667
23699
23731
23763
23795
23827
23859
23891
23923
23955
23986
24018
24050
24082
24114
24146
24178
24210
24242
24274
24306
24338
24370
24402
24434
24466
24498
24530
24562
24594
24626
24658
24690
24722
24754
24786
24818
24850
24882
24914
24946
24978
25010
25042
25074
25106
25138
25170
25202
25233
25265
25297
25329
25361
25393
25425
25457
25489
25521
25553
25585
25617
25649
25681
25713
25745
25777
25809
25841
25873
25905
25937
25969
26001
26033
26065
26097
26129
26161
26193
26225
26257
26289
26321
26353
26385
26417
26448
26480
26512
26544
26576
26608
26640
26696
26722
26748
26774
26800
26826
26852
26878
26904
26930
26955
26981
27007
27033
27059
27085
27111
27137
27163
27189
27214
27240
27266
27292
27318
27344
27370
27396
27422
27448
27473
27499
27525
27551
27577
27603
27629
27655
27681
27707
27732
27758
27784
27810
27836
27862
27888
27914
27940
27966
27991
28017
28043
28069
28095
28121
28147
28173
28199
28225
28251
28276
28302
28328
28354
28380
28406
28432
28458
28484
28510
28535
28561
28587
28613
28639
28665
28691
28717
28743
28769
28794
28820
28846
28872
28898
28924
28950
28976
29002
29028
29053
29083
29105
29128
29150
29173
29195
29218
29240
29263
29285
29308
29330
29353
29375
29398
29420
29443
29465
29488
29510
29533
29555
29578
29600
29623
29645
29668
29690
29713
29735
29758
29780
29803
29825
29848
29870
29893
29915
29938
29960
29983
30005
30028
30050
30073
30095
30118
30140
30163
30185
30208
30230
30253
30275
30298
30320
30343
30365
30387
30410
30432
30455
30477
30500
30522
30545
30567
30590
30612
30635
30657
30680
30702
30725
30747
30770
30792
30815
30837
30860
30882
30905
30927
30950
30972
30995
31017
31040
31062
31085
31107
31130
31152
31175
31197
31220
31242
31265
31287
31310
31332
31355
31377
31400
31422
31445
31467
31490
31512
31535
31557
31580
31602
31625
31647
31670
31692
31714
31737
31759
31782
31804
31827
31849
31872
31894
31917
31939
31962
31984
32007
32029
32052
32074
32097
32119
32155
32168
32181
32194
32207
32220
32234
32247
32260
32273
32286
32299
32313
32326
32339
32352
32365
32378
32391
32405
32418
32431
32444
32457
32470
32484
32497
32510
32523
32536
32549
32562
32576
32589
32602
32615
32628
32641
32655
32668
32681
32694
32707
32720
32733
32747
32760
32773
32786
32799
32812
32826
32839
32852
32865
32878
32891
32904
32918
32931
32944
32957
32970
32983
32997
33010
33023
33036
33049
33062
33075
33089
33102
33115
33128
33141
33154
33168
33181
33194
33207
33220
33233
33246
33277
33302
33327
33353
33378
33403
33428
33454
33479
33504
33530
33555
33580
33605
33631
33656
33681
33707
33732
33757
33782
33808
33833
33858
33883
33909
33934
33959
33985
34010
34035
34060
34086
34111
34136
34162
34187
34212
34237
34263
34288
34313
34339
34364
34389
34414
34440
34465
34490
34515
34541
34566
34591
34617
34642
34667
34692
34718
34743
34768
34794
34819
34844
34869
34895
34920
34945
34971
34996
35021
35046
35072
35097
35122
35147
35173
35198
35223
35249
35274
35299
35324
35350
35375
35400
35426
35451
35476
35501
35527
35552
35577
35603
35628
35653
35678
35704
35729
35754
35779
35805
35830
35848
35865
35881
35898
35915
35931
35948
35965
35981
35998
36015
36031
36048
36065
36081
36098
36115
36131
36148
36165
36181
36198
36214
36231
36248
36264
36281
36298
36314
36331
36348
36364
36381
36398
36414
36431
36448
36464
36481
36498
36514
36531
36547
36564
36581
36597
36614
36631
36647
36664
36681
36697
36714
36731
36747
36764
36781
36797
36814
36831
36847
36864
36880
36897
36914
36930
36947
36964
36980
36997
37014
37030
37047
37064
37080
37097
37114
37130
37147
37164
37180
37197
37213
37230
37247
37263
37280
37297
37313
37330
37347
37363
37380
37397
37413
37430
37447
37463
37480
37497
37513
37530
37546
37563
37580
37596
37613
37630
37646
37663
37680
37696
37713
37730
37746
37763
37780
37796
37813
37830
37846
37863
37879
37896
37913
37929
37946
37981
37999
38017
38035
38054
38072
38090
38108
38127
38145
38163
38181
38200
38218
38236
38254
38273
38291
38309
38327
38345
38364
38382
38400
38418
38437
38455
38473
38491
38510
38528
38546
38564
38583
38601
38619
38637
38655
38674
38692
38710
38728
38747
38765
38783
38801
38820
38838
38856
38874
38893
38911
38929
38947
38965
38984
39002
39020
39038
39057
39075
39093
39111
39130
39148
39166
39184
39203
39221
39239
39257
39275
39294
39312
39330
39348
39367
39385
39403
39421
39440
39458
39476
39494
39513
39531
39549
39567
39585
39604
39622
39640
39658
39677
39695
39713
39731
39750
39768
39786
39804
39823
39841
39859
39877
39895
39914
39932
39950
39968
39987
40005
40023
40041
40060
40078
40096
40114
40133
40151
40169
40187
40205
40224
40242
40260
40278
40297
40315
40333
40351
40370
40388
40406
40424
40443
40461
40479
40497
40517
40532
40547
40562
40577
40592
40607
40622
40636
40651
40666
40681
40696
40711
40726
40741
40756
40770
40785
40800
40815
40830
40845
40860
40875
40890
40904
40919
40934
40949
40964
40979
40994
41009
41023
41038
41053
41068
41083
41098
41113
41128
41143
41157
41172
41187
41202
41217
41232
41247
41262
41277
41291
41306
41321
41336
41351
41366
41381
41396
41410
41425
41440
41455
41470
41485
41500
41515
41530
41544
41559
41574
41589
41604
41619
41634
41649
41664
41678
41693
41708
41723
41738
41753
41768
41783
41797
41812
41827
41842
41857
41872
41887
41902
41917
41931
41946
41961
41976
41991
42006
42021
42036
42051
42065
42080
42095
42110
42125
42140
42155
42170
42184
42199
42214
42229
42244
42259
42274
42289
42304
42318
42333
42348
42363
42381
42398
42415
42432
42449
42466
42483
42500
42517
42534
42551
42569
42586
42603
42620
42637
42654
42671
42688
42705
42722
42739
42756
42774
42791
42808
42825
42842
42859
42876
42893
42910
42927
42944
42961
42979
42996
43013
43030
43047
43064
43081
43098
43115
43132
43149
43167
43184
43201
43218
43235
43252
43269
43286
43303
43320
43337
43354
43372
43389
43406
43423
43440
43457
43474
43491
43508
43525
43542
43559
43577
43594
43611
43628
43645
43662
43679
43696
43713
43730
43747
43765
43782
43799
43816
43833
43850
43867
43884
43901
43918
43935
43952
43970
43987
44004
44021
44038
44055
44072
44089
44106
44123
44140
44157
44175
44192
44209
44226
44243
44260
44277
44294
44311
44328
44345
44363
44380
44397
44414
44431
44448
44465
44482
44507
44520
44533
44546
44559
44572
44586
44599
44612
44625
44638
44651
44664
44678
44691
44704
44717
44730
44743
44757
44770
44783
44796
44809
44822
44835
44849
44862
44875
44888
44901
44914
44928
44941
44954
44967
44980
44993
45006
45020
45033
45046
45059
45072
45085
45098
45112
45125
45138
45151
45164
45177
45191
45204
45217
45230
45243
45256
45269
45283
45296
45309
45322
45335
45348
45362
45375
45388
45401
45414
45427
45440
45454
45467
45480
45493
45506
45519
45533
45546
45568
45582
45596
45610
45624
45639
45653
45667
45681
45695
45709
45724
45738
45752
45766
45780
45795
45809
45823
45837
45851
45865
45880
45894
45908
45922
45936
45951
45965
45979
45993
46007
46021
46036
46050
46064
46078
46092
46107
46121
46135
46149
46163
46177
46192
46206
46220
46234
46248
46262
46277
46291
46305
46319
46333
46348
46362
46376
46390
46404
46418
46433
46447
46461
46475
46489
46504
46518
46532
46546
46560
46574
46589
46603
46617
46631
46645
46660
46674
46688
46702
46716
46730
46745
46759
46773
46787
46801
46816
46830
46844
46858
46872
46886
46901
46915
46929
46943
46957
46971
46986
47000
47014
47028
47042
47057
47071
47085
47099
47113
47127
47142
47156
47170
47184
47198
47213
47227
47241
47255
47269
47283
47298
47312
47326
47340
47354
47369
47383
47397
47411
47425
47439
47454
47468
47482
47496
47510
47524
47539
47553
47567
47587
47600
47613
47626
47639
47652
47666
47679
47692
47705
47718
47731
47745
47758
47771
47784
47797
47810
47824
47837
47850
47863
47876
47889
47903
47916
47929
47942
47955
47968
47981
47995
48008
48021
48034
48047
48060
48074
48087
48100
48113
48126
48139
48153
48166
48179
48192
48205
48218
48232
48245
48258
48271
48284
48297
48310
48324
48337
48350
48363
48376
48389
48403
48416
48429
48442
48455
48468
48482
48495
48508
48521
48534
48547
48561
48574
48587
48600
48613
48626
48639
48653
48666
48679
48692
48705
48718
48732
48745
48758
48771
48784
48797
48811
48824
48837
48850
48863
48876
48890
48903
48916
48929
48942
48955
48968
48982
48995
49008
49021
49034
49047
49061
49074
49087
49100
49113
49126
49140
49153
49166
49179
49192
49205
49219
49232
49245
49258
49271
49284
49298
49311
49324
49337
49350
49363
49376
49390
49403
49416
49427
49439
49450
49461
49473
49484
49496
49507
49518
49530
49541
49553
49564
49575
49587
49598
49610
49621
49632
49644
49655
49667
49678
49689
49701
49712
49724
49735
49746
49758
49769
49781
49792
49803
49815
49826
49837
49849
49860
49872
49883
49894
49906
49917
49929
49940
49951
49963
49974
49986
49997
50008
50020
50031
50043
50054
50065
50077
50088
50100
50111
50122
50134
50145
50157
50168
50179
50191
50202
50214
50225
50236
50248
50259
50270
50282
50293
50305
50316
50327
50339
50350
50362
50373
50384
50396
50407
50419
50430
50441
50453
50464
50476
50487
50498
50510
50521
50533
50544
50555
50567
50578
50590
50601
50612
50624
50635
50647
50658
50669
50681
50692
50703
50715
50739
50753
50767
50782
50796
50810
50824
50839
50853
50867
50881
50896
50910
50924
50938
50953
50967
50981
50995
51010
51024
51038
51053
51067
51081
51095
51110
51124
51138
51152
51167
51181
51195
51209
51224
51238
51252
51266
51281
51295
51309
51324
51338
51352
51366
51381
51395
51409
51423
51438
51452
51466
51480
51495
51509
51523
51537
51552
51566
51580
51595
51609
51623
51637
51652
51666
51680
51694
51709
51723
51737
51751
51766
51780
51794
51808
51823
51837
51851
51866
51880
51894
51908
51923
51937
51951
51965
51980
51994
52008
52022
52037
52051
52065
52079
52094
52108
52122
52136
52151
52165
52179
52194
52208
52222
52236
52251
52282
52299
52317
52334
52352
52369
52387
52404
52421
52439
52456
52474
52491
52509
52526
52544
52561
52578
52596
52613
52631
52648
52666
52683
52700
52718
52735
52753
52770
52788
52805
52823
52840
52857
52875
52892
52910
52927
52945
52962
52980
52997
53014
53032
53049
53067
53084
53102
53119
53136
53154
53171
53189
53206
53224
53241
53259
53276
53293
53311
53328
53346
53363
53381
53398
53415
53433
53450
53468
53485
53503
53520
53538
53555
53572
53590
53607
53625
53642
53660
53677
53695
53712
53729
53747
53764
53782
53799
53817
53834
53851
53869
53886
53904
53921
53939
53956
53974
53991
54008
54026
54043
54061
54078
54096
54113
54130
54148
54165
54183
54200
54218
54235
54253
54270
54287
54305
54322
54340
54357
54375
54392
54410
54427
54444
54462
54479
54500
54515
54530
54544
54559
54574
54588
54603
54618
54632
54647
54662
54676
54691
54706
54720
54735
54750
54764
54779
54794
54808
54823
54838
54852
54867
54882
54896
54911
54926
54941
54955
54970
54985
54999
55014
55029
55043
55058
55073
55087
55102
55117
55131
55146
55161
55175
55190
55205
55219
55234
55249
55263
55278
55293
55307
55322
55337
55352
55366
55381
55396
55410
55425
55440
55454
55469
55484
55498
55513
55528
55542
55557
55572
55586
55601
55616
55630
55645
55660
55674
55689
55704
55718
55733
55748
55763
55777
55792
55807
55821
55836
55851
55865
55880
55895
55909
55924
55939
55953
55968
55983
55997
56012
56027
56041
56056
56071
56085
56100
56115
56129
56144
56159
56174
56188
56203
56218
56232
56247
56262
56291
56306
56321
56336
56351
56367
56382
56397
56412
56427
56442
56458
56473
56488
56503
56518
56533
56549
56564
56579
56594
56609
56624
56640
56655
56670
56685
56700
56715
56731
56746
56761
56776
56791
56806
56822
56837
56852
56867
56882
56897
56913
56928
56943
56958
56973
56988
57004
57019
57034
57049
57064
57079
57095
57110
57125
57140
57155
57171
57186
57201
57216
57231
57246
57262
57277
57292
57307
57322
57337
57353
57368
57383
57398
57413
57428
57444
57459
57474
57489
57504
57519
57535
57550
57565
57580
57595
57610
57626
57641
57656
57671
57686
57701
57717
57732
57747
57762
57777
57792
57808
57823
57838
57853
57868
57883
57899
57914
57929
57944
57959
57975
57990
58005
58020
58035
58050
58066
58081
58096
58111
58126
58141
58157
58172
58187
58202
58217
58232
58248
58263
58278
58293
58308
58323
58339
58354
58369
58384
58399
58414
58430
58445
58460
58475
58490
58505
58540
58563
58586
58609
58632
58655
58678
58701
58724
58747
58770
58793
58816
58839
58862
58885
58908
58931
58954
58977
59000
59023
59047
59070
59093
59116
59139
59162
59185
59208
59231
59254
59277
59300
59323
59346
59369
59392
59415
59438
59461
59484
59507
59530
59554
59577
59600
59623
59646
59669
59692
59715
59738
59761
59784
59807
59830
59853
59876
59899
59922
59945
59968
59991
60014
60037
60060
60084
60107
60130
60153
60176
60199
60222
60245
60268
60291
60314
60337
60360
60383
60406
60429
60452
60475
60498
60521
60544
60567
60591
60614
60637
60660
60683
60706
60729
60752
60775
60798
60821
60844
60867
60890
60913
60936
60959
60982
61005
61028
61051
61074
61098
61121
61144
61167
61190
61213
61236
61264
61280
61297
61313
61329
61346
61362
61379
61395
61411
61428
61444
61461
61477
61493
61510
61526
61543
61559
61575
61592
61608
61624
61641
61657
61674
61690
61706
61723
61739
61756
61772
61788
61805
61821
61838
61854
61870
61887
61903
61919
61936
61952
61969
61985
62001
62018
62034
62051
62067
62083
62100
62116
62133
62149
62165
62182
62198
62215
62231
62247
62264
62280
62296
62313
62329
62346
62362
62378
62395
62411
62428
62444
62460
62477
62493
62510
62526
62542
62559
62575
62591
62608
62624
62641
62657
62673
62690
62706
62723
62739
62755
62772
62788
62805
62821
62837
62854
62870
62887
62903
62919
62936
62952
62968
62985
63001
63018
63034
63050
63067
63083
63100
63116
63132
63149
63165
63182
63198
63244
63279
63315
63350
63386
63421
63457
63492
63527
63563
63598
63634
63669
63705
63740
63775
63811
63846
63882
63917
63953
63988
64024
64059
64094
64130
64165
64201
64236
64272
64307
64342
64378
64413
64449
64484
64520
64555
64591
64626
64661
64697
64732
64768
64803
64839
64874
64909
64945
64980
65016
65051
65087
65122
65158
65193
65228
65264
65299
65335
65370
65406
65441
65476
65512
65547
65583
65618
65654
65689
65725
65760
65795
65831
65866
65902
65937
65973
66008
66043
66079
66114
66150
66185
66221
66256
66292
66327
66362
66398
66433
66469
66504
66540
66575
66610
66646
66681
66717
66752
66788
66823
66859
66894
66929
66965
67000
67036
67071
67107
67142
67177
67213
67248
67284
67319
67355
67390
67426
67461
67496
67558
67588
67618
67648
67678
67708
67738
67768
67798
67828
67858
67888
67918
67948
67978
68008
68038
68068
68098
68128
68158
68188
68218
68248
68278
68308
68338
68367
68397
68427
68457
68487
68517
68547
68577
68607
68637
68667
68697
68727
68757
68787
68817
68847
68877
68907
68937
68967
68997
69027
69057
69087
69117
69147
69177
69206
69236
69266
69296
69326
69356
69386
69416
69446
69476
69506
69536
69566
69596
69626
69656
69686
69716
69746
69776
69806
69836
69866
69896
69926
69956
69986
70016
70045
70075
70105
70135
70165
70195
70225
70255
70285
70315
70345
70375
70405
70435
70465
70495
70525
70555
70585
70615
70645
70675
70705
70735
70765
70795
70825
70854
70884
70914
70944
70974
71004
71034
71064
71094
71124
71147
71164
71182
71199
71216
71234
71251
71268
71286
71303
71320
71338
71355
71372
71390
71407
71424
71442
71459
71476
71494
71511
71528
71546
71563
71580
71598
71615
71632
71650
71667
71684
71702
71719
71736
71754
71771
71788
71806
71823
71840
71858
71875
71892
71910
71927
71944
71962
71979
71996
72014
72031
72048
72066
72083
72100
72118
72135
72152
72170
72187
72204
72222
72239
72256
72274
72291
72308
72326
72343
72360
72378
72395
72412
72430
72447
72464
72482
72499
72516
72534
72551
72568
72586
72603
72620
72638
72655
72672
72690
72707
72724
72742
72759
72776
72794
72811
72828
72846
72863
72880
72898
72915
72932
72950
72967
72984
73002
73019
73036
73054
73071
73088
73106
73123
73140
73158
73175
73192
73210
73227
73244
73262
73279
73296
73314
73331
73348
73366
73402
73425
73447
73470
73492
73515
73537
73560
73583
73605
73628
73650
73673
73695
73718
73741
73763
73786
73808
73831
73853
73876
73899
73921
73944
73966
73989
74011
74034
74057
74079
74102
74124
74147
74169
74192
74215
74237
74260
74282
74305
74327
74350
74373
74395
74418
74440
74463
74485
74508
74531
74553
74576
74598
74621
74643
74666
74689
74711
74734
74756
74779
74801
74824
74847
74869
74892
74914
74937
74959
74982
75005
75027
75050
75072
75095
75117
75140
75163
75185
75208
75230
75253
75275
75298
75321
75343
75366
75388
75411
75433
75456
75479
75501
75524
75546
75569
75591
75614
75637
75659
75682
75704
75727
75749
75772
75795
75818
75836
75854
75872
75890
75908
75927
75945
75963
75981
75999
76017
76035
76054
76072
76090
76108
76126
76144
76163
76181
76199
76217
76235
76253
76271
76290
76308
76326
76344
76362
76380
76399
76417
76435
76453
76471
76489
76507
76526
76544
76562
76580
76598
76616
76635
76653
76671
76689
76707
76725
76743
76762
76780
76798
76816
76834
76852
76871
76889
76907
76925
76943
76961
76979
76998
77016
77034
77052
77070
77088
77107
77125
77143
77161
77179
77197
77215
77234
77252
77270
77288
77306
77324
77343
77361
77379
77397
77415
77433
77451
77470
77488
77506
77524
77542
77560
77578
77597
77615
77633
77651
77669
77687
77706
77724
77742
77760
77778
77796
77814
77833
77851
77869
77887
77905
77923
77942
77960
77978
77996
78014
78032
78050
78069
78087
78105
78123
78141
78159
78178
78196
78214
78232
78250
78268
78286
78305
78323
78341
78359
78377
78395
78424
78447
78471
78494
78518
78541
78564
78588
78611
78635
78658
78681
78705
78728
78752
78775
78798
78822
78845
78869
78892
78915
78939
78962
78986
79009
79032
79056
79079
79103
79126
79149
79173
79196
79220
79243
79266
79290
79313
79337
79360
79383
79407
79430
79454
79477
79500
79524
79547
79571
79594
79617
79641
79664
79688
79711
79735
79758
79781
79805
79828
79852
79875
79898
79922
79945
79969
79992
80015
80039
80062
80086
80109
80132
80156
80179
80203
80226
80249
80273
80296
80320
80343
80366
80390
80413
80437
80460
80483
80507
80530
80554
80577
80600
80624
80647
80671
80694
80717
80741
80764
80788
80811
80834
80858
80881
80905
80928
80951
80975
80998
81022
81045
81069
81092
81115
81139
81162
81186
81209
81232
81291
81332
81373
81414
81455
81496
81537
81577
81618
81659
81700
81741
81782
81823
81864
81904
81945
81986
82027
82068
82109
82150
82191
82231
82272
82313
82354
82395
82436
82477
82518
82558
82599
82640
82681
82722
82763
82804
82845
82885
82926
82967
83008
83049
83090
83131
83172
83212
83253
83294
83335
83376
83417
83458
83499
83539
83580
83621
83662
83703
83744
83785
83826
83866
83907
83948
83989
84030
84071
84112
84153
84193
84234
84275
84316
84357
84398
84439
84480
84520
84561
84602
84643
84684
84725
84766
84807
84847
84888
84929
84970
85011
85052
85093
85134
85174
85215
85256
85297
85338
85379
85420
85461
85501
85542
85583
85624
85665
85706
85747
85788
85828
85869
85910
85951
85992
86033
86074
86115
86155
86196
86266
86311
86356
86400
86445
86490
86534
86579
86624
86668
86713
86758
86802
86847
86892
86936
86981
87026
87070
87115
87160
87204
87249
87294
87339
87383
87428
87473
87517
87562
87607
87651
87696
87741
87785
87830
87875
87919
87964
88009
88053
88098
88143
88187
88232
88277
88321
88366
88411
88456
88500
88545
88590
88634
88679
88724
88768
88813
88858
88902
88947
88992
89036
89081
89126
89170
89215
89260
89304
89349
89394
89438
89483
89528
89573
89617
89662
89707
89751
89796
89841
89885
89930
89975
90019
90064
90109
90153
90198
90243
90287
90332
90377
90421
90466
90511
90555
90600
90645
90690
90734
90779
90824
90868
90913
90958
91002
91047
91092
91136
91181
91226
91270
91315
91360
91404
91449
91494
91545
91579
91613
91646
91680
91714
91747
91781
91815
91849
91882
91916
91950
91983
92017
92051
92084
92118
92152
92186
92219
92253
92287
92320
92354
92388
92421
92455
92489
92523
92556
92590
92624
92657
92691
92725
92758
92792
92826
92860
92893
92927
92961
92994
93028
93062
93096
93129
93163
93197
93230
93264
93298
93331
93365
93399
93433
93466
93500
93534
93567
93601
93635
93668
93702
93736
93770
93803
93837
93871
93904
93938
93972
94005
94039
94073
94107
94140
94174
94208
94241
94275
94309
94343
94376
94410
94444
94477
94511
94545
94578
94612
94646
94680
94713
94747
94781
94814
94848
94882
94915
94949
94983
95017
95050
95084
95118
95151
95185
95219
95252
95286
95320
95354
95387
95421
95455
95488
95522
95556
95590
95623
95671
95710
95749
95788
95827
95866
95905
95944
95983
96022
96061
96100
96139
96178
96217
96256
96295
96334
96373
96412
96451
96490
96529
96568
96607
96646
96685
96724
96763
96802
96841
96880
96919
96958
96997
97036
97075
97114
97153
97192
97231
97270
97309
97348
97387
97426
97465
97504
97543
97582
97621
97660
97699
97738
97777
97816
97855
97894
97933
97972
98011
98050
98089
98128
98167
98206
98245
98284
98323
98362
98401
98440
98479
98518
98557
98596
98635
98674
98713
98752
98791
98830
98869
98908
98947
98986
99025
99064
99103
99142
99181
99220
99259
99298
99337
99376
99415
99453
99492
99531
99570
99609
99648
99687
99726
99765
99804
99843
99882
99921
99960
99999
100038
100077
100116
100155
100194
100233
100272
100311
100350
100389
100428
100467
100506
100545
100584
100623
100662
100692
100722
100751
100781
100810
100840
100870
100899
100929
100958
100988
101017
101047
101077
101106
101136
101165
101195
101224
101254
101284
101313
101343
101372
101402
101431
101461
101491
101520
101550
101579
101609
101639
101668
101698
101727
101757
101786
101816
101846
101875
101905
101934
101964
101993
102023
102053
102082
102112
102141
102171
102200
102230
102260
102289
102319
102348
102378
102408
102437
102467
102496
102526
102555
102585
102615
102644
102674
102703
102733
102762
102792
102822
102851
102881
102910
102940
102969
102999
103029
103058
103088
103117
103147
103177
103206
103236
103265
103295
103324
103354
103384
103413
103443
103472
103502
103531
103561
103591
103620
103650
103679
103709
103738
103768
103798
103827
103857
103886
103916
103946
103975
104005
104034
104064
104093
104123
104153
104182
104212
104241
104271
104300
104328
104353
104379
104404
104429
104455
104480
104505
104531
104556
104582
104607
104632
104658
104683
104708
104734
104759
104785
104810
104835
104861
104886
104911
104937
104962
104988
105013
105038
105064
105089
105114
105140
105165
105190
105216
105241
105267
105292
105317
105343
105368
105393
105419
105444
105470
105495
105520
105546
105571
105596
105622
105647
105673
105698
105723
105749
105774
105799
105825
105850
105875
105901
105926
105952
105977
106002
106028
106053
106078
106104
106129
106155
106180
106205
106231
106256
106281
106307
106332
106358
106383
106408
106434
106459
106484
106510
106535
106560
106586
106611
106637
106662
106687
106713
106738
106763
106789
106814
106840
106865
106890
106916
106941
106966
106992
107017
107043
107068
107093
107119
107144
107190
107226
107262
107298
107334
107370
107406
107443
107479
107515
107551
107587
107623
107659
107695
107732
107768
107804
107840
107876
107912
107948
107985
108021
108057
108093
108129
108165
108201
108237
108274
108310
108346
108382
108418
108454
108490
108526
108563
108599
108635
108671
108707
108743
108779
108816
108852
108888
108924
108960
108996
109032
109068
109105
109141
109177
109213
109249
109285
109321
109357
109394
109430
109466
109502
109538
109574
109610
109647
109683
109719
109755
109791
109827
109863
109899
109936
109972
110008
110044
110080
110116
110152
110188
110225
110261
110297
110333
110369
110405
110441
110478
110514
110550
110586
110622
110658
110694
110730
110767
110803
110839
110875
110911
110947
110983
111019
111056
111092
111128
111164
111200
111236
111272
111309
111345
111381
111417
111453
111489
111525
111561
111598
111654
111684
111713
111743
111773
111802
111832
111862
111891
111921
111951
111980
112010
112039
112069
112099
112128
112158
112188
112217
112247
112277
112306
112336
112365
112395
112425
112454
112484
112514
112543
112573
112603
112632
112662
112691
112721
112751
112780
112810
112840
112869
112899
112929
112958
112988
113017
113047
113077
113106
113136
113166
113195
113225
113255
113284
113314
113343
113373
113403
113432
113462
113492
113521
113551
113581
113610
113640
113669
113699
113729
113758
113788
113818
113847
113877
113907
113936
113966
113995
114025
114055
114084
114114
114144
114173
114203
114233
114262
114292
114321
114351
114381
114410
114440
114470
114499
114529
114559
114588
114618
114647
114677
114707
114736
114766
114796
114825
114855
114885
114914
114944
114974
115003
115033
115062
115092
115122
115151
115181
115211
115240
115270
115300
115329
115359
115388
115455
115495
115535
115575
115615
115656
115696
115736
115776
115816
115857
115897
115937
115977
116017
116057
116098
116138
116178
116218
116258
116299
116339
116379
116419
116459
116499
116540
116580
116620
116660
116700
116741
116781
116821
116861
116901
116941
116982
117022
117062
117102
117142
117183
117223
117263
117303
117343
117384
117424
117464
117504
117544
117584
117625
117665
117705
117745
117785
117826
117866
117906
117946
117986
118026
118067
118107
118147
118187
118227
118268
118308
118348
118388
118428
118468
118509
118549
118589
118629
118669
118710
118750
118790
118830
118870
118911
118951
118991
119031
119071
119111
119152
119192
119232
119272
119312
119353
119393
119433
119473
119513
119553
119594
119634
119674
119714
119754
119795
119835
119875
119915
119958
119992
120026
120060
120093
120127
120161
120195
120229
120262
120296
120330
120364
120398
120431
120465
120499
120533
120566
120600
120634
120668
120702
120735
120769
120803
120837
120871
120904
120938
120972
121006
121040
121073
121107
121141
121175
121208
121242
121276
121310
121344
121377
121411
121445
121479
121513
121546
121580
121614
121648
121682
121715
121749
121783
121817
121850
121884
121918
121952
121986
122019
122053
122087
122121
122155
122188
122222
122256
122290
122323
122357
122391
122425
122459
122492
122526
122560
122594
122628
122661
122695
122729
122763
122797
122830
122864
122898
122932
122965
122999
123033
123067
123101
123134
123168
123202
123236
123270
123303
123337
123371
123405
123439
123472
123506
123540
123574
123607
123641
123675
123709
123743
123776
123810
123844
123878
123912
123959
123983
124008
124032
124057
124081
124106
124130
124155
124179
124204
124228
124253
124277
124302
124326
124351
124375
124400
124424
124449
124473
124498
124522
124547
124571
124596
124620
124645
124669
124694
124718
124743
124767
124792
124816
124841
124865
124890
124914
124939
124963
124988
125012
125037
125061
125086
125110
125135
125159
125184
125208
125233
125257
125282
125306
125331
125355
125380
125404
125429
125453
125478
125502
125527
125551
125576
125600
125624
125649
125673
125698
125722
125747
125771
125796
125820
125845
125869
125894
125918
125943
125967
125992
126016
126041
126065
126090
126114
126139
126163
126188
126212
126237
126261
126286
126310
126335
126359
126384
126408
126433
126457
126482
126506
126531
126555
126580
126604
126629
126653
126678
126702
126727
126751
126776
126800
126825
126849
126874
126904
126932
126960
126988
127016
127044
127072
127100
127128
127156
127185
127213
127241
127269
127297
127325
127353
127381
127409
127437
127465
127494
127522
127550
127578
127606
127634
127662
127690
127718
127746
127774
127803
127831
127859
127887
127915
127943
127971
127999
128027
128055
128083
128112
128140
128168
128196
128224
128252
128280
128308
128336
128364
128392
128421
128449
128477
128505
128533
128561
128589
128617
128645
128673
128701
128730
128758
128786
128814
128842
128870
128898
128926
128954
128982
129010
129039
129067
129095
129123
129151
129179
129207
129235
129263
129291
129319
129348
129376
129404
129432
129460
129488
129516
129544
129572
129600
129628
129657
129685
129713
129741
129769
129797
129825
129853
129881
129909
129937
129966
129994
130022
130047
130069
130090
130112
130134
130155
130177
130199
130220
130242
130264
130285
130307
130329
130350
130372
130394
130415
130437
130458
130480
130502
130523
130545
130567
130588
130610
130632
130653
130675
130697
130718
130740
130762
130783
130805
130826
130848
130870
130891
130913
130935
130956
130978
131000
131021
131043
131065
131086
131108
131130
131151
131173
131194
131216
131238
131259
131281
131303
131324
131346
131368
131389
131411
131433
131454
131476
131498
131519
131541
131562
131584
131606
131627
131649
131671
131692
131714
131736
131757
131779
131801
131822
131844
131866
131887
131909
131930
131952
131974
131995
132017
132039
132060
132082
132104
132125
132147
132169
132190
132212
132234
132255
132277
132298
132320
132342
132363
132385
132407
132428
132450
132472
132493
132515
132537
132558
132580
132602
132623
132645
132666
132688
132710
132731
132753
132775
132796
132818
132840
132861
132883
132905
132926
132948
132970
132991
133013
133034
133055
133074
133094
133113
133132
133152
133171
133191
133210
133229
133249
133268
133288
133307
133326
133346
133365
133385
133404
133423
133443
133462
133482
133501
133520
133540
133559
133579
133598
133617
133637
133656
133676
133695
133714
133734
133753
133773
133792
133811
133831
133850
133870
133889
133908
133928
133947
133967
133986
134005
134025
134044
134064
134083
134102
134122
134141
134161
134180
134199
134219
134238
134258
134277
134296
134316
134335
134355
134374
134393
134413
134432
134451
134471
134490
134510
134529
134548
134568
134587
134607
134626
134645
134665
134684
134704
134723
134742
134762
134781
134801
134820
134839
134859
134878
134898
134917
134936
134956
134975
134995
135014
135033
135053
135072
135092
135111
135130
135150
135169
135189
135208
135227
135247
135266
135286
135305
135324
135344
135363
135383
135402
135443
135469
135495
135522
135548
135574
135601
135627
135653
135680
135706
135732
135759
135785
135811
135838
135864
135890
135916
135943
135969
135995
136022
136048
136074
136101
136127
136153
136180
136206
136232
136259
136285
136311
136337
136364
136390
136416
136443
136469
136495
136522
136548
136574
136601
136627
136653
136680
136706
136732
136758
136785
136811
136837
136864
136890
136916
136943
136969
136995
137022
137048
137074
137101
137127
137153
137179
137206
137232
137258
137285
137311
137337
137364
137390
137416
137443
137469
137495
137522
137548
137574
137600
137627
137653
137679
137706
137732
137758
137785
137811
137837
137864
137890
137916
137959
137981
138004
138026
138049
138071
138093
138116
138138
138161
138183
138205
138228
138250
138273
138295
138318
138340
138362
138385
138407
138430
138452
138474
138497
138519
138542
138564
138587
138609
138631
138654
138676
138699
138721
138743
138766
138788
138811
138833
138856
138878
138929
138971
139012
139054
139095
139137
139178
139220
139261
139303
139344
139386
139428
139469
139511
139552
139594
139635
139677
139718
139760
139801
139843
139885
139926
139968
140009
140051
140092
140134
140175
140217
140258
140300
140342
140383
140425
140466
140508
140549
140591
140632
140674
140715
140757
140799
140840
140882
140923
140965
141006
141048
141089
141131
141172
141214
141256
141297
141339
141380
141422
141463
141505
141546
141588
141629
141671
141713
141754
141796
141837
141879
141920
141962
142003
142045
142086
142128
142170
142211
142253
142294
142336
142377
142419
142460
142502
142543
142585
142627
142668
142710
142751
142793
142834
142876
142917
142959
143000
143042
143084
143125
143167
143208
143250
143291
143333
143374
143416
143457
143499
143541
143582
143624
143665
143707
143748
143790
143831
143873
143914
143956
143998
144039
144081
144122
144164
144205
144247
144288
144330
144371
144413
144455
144496
144538
144579
144621
144662
144704
144745
144787
144828
144870
144912
144953
144995
145036
145078
145119
145161
145202
145244
145285
145327
145369
145410
145452
145491
145514
145537
145560
145583
145606
145629
145652
145676
145699
145722
145745
145768
145791
145814
145837
145860
145884
145907
145930
145953
145976
145999
146022
146045
146068
146092
146115
146138
146161
146184
146207
146230
146253
146276
146300
146323
146346
146369
146392
146415
146438
146461
146485
146508
146531
146554
146577
146600
146623
146646
146669
146693
146716
146739
146762
146785
146808
146831
146854
146877
146901
146924
146947
146970
146993
147016
147039
147062
147085
147109
147132
147155
147178
147201
147224
147247
147270
147293
147317
147340
147363
147386
147409
147432
147455
147478
147502
147525
147548
147571
147594
147617
147640
147663
147686
147710
147733
147756
147779
147802
147825
147848
147871
147894
147918
147941
147964
147987
148010
148033
148056
148079
148102
148126
148149
148172
148195
148218
148241
148264
148287
148311
148334
148357
148377
148397
148417
148437
148457
148477
148497
148517
148537
148557
148577
148597
148617
148637
148657
148677
148697
148717
148737
148757
148777
148796
148816
148836
148856
148876
148896
148916
148936
148956
148976
148996
149016
149036
149056
149076
149096
149116
149136
149156
149176
149196
149215
149235
149255
149275
149295
149315
149335
149355
149375
149395
149415
149435
149455
149475
149495
149515
149535
149555
149575
149595
149615
149635
149654
149674
149694
149714
149734
149754
149774
149794
149814
149834
149854
149874
149894
149914
149934
149954
149974
149994
150014
150034
150054
150073
150093
150113
150133
150153
150173
150193
150213
150233
150253
150273
150293
150313
150333
150353
150373
150393
150413
150433
150453
150473
150493
150512
150532
150552
150572
150592
150612
150632
150652
150672
150692
150712
150732
150752
150772
150792
150812
150832
150852
150872
150892
150927
150946
150965
150984
151002
151021
151040
151059
151078
151096
151115
151134
151153
151172
151190
151209
151228
151247
151266
151284
151303
151322
151341
151360
151378
151397
151416
151435
151454
151472
151491
151510
151529
151547
151566
151585
151604
151623
151641
151660
151679
151698
151717
151735
151754
151773
151796
151814
151831
151849
151867
151884
151902
151920
151937
151955
151973
151990
152008
152026
152043
152061
152078
152096
152114
152131
152149
152167
152184
152202
152220
152237
152255
152273
152290
152308
152326
152343
152361
152378
152412
152434
152456
152479
152501
152523
152546
152568
152590
152613
152635
152657
152680
152702
152724
152747
152769
152791
152814
152836
152858
152881
152903
152925
152948
152970
152992
153015
153037
153059
153081
153104
153126
153148
153171
153193
153215
153238
153260
153282
153305
153327
153349
153372
153394
153416
153439
153461
153483
153506
153528
153550
153573
153595
153617
153640
153662
153684
153706
