0
11
21
30
40
49
59
68
78
87
97
106
116
125
135
144
154
163
173
182
192
201
211
220
230
239
249
258
268
277
287
296
306
315
325
334
344
353
363
372
382
391
401
410
420
429
439
448
458
467
477
486
496
505
515
524
534
543
553
562
572
581
591
600
610
619
629
638
648
657
667
676
686
695
705
714
724
733
743
752
762
771
781
790
800
809
819
828
838
847
857
866
876
885
895
904
914
923
933
942
952
961
971
980
990
999
1009
1018
1028
1037
1047
1056
1066
1075
1085
1094
1104
1113
1123
1132
1143
1154
1164
1175
1186
1196
1207
1217
1228
1239
1249
1260
1271
1281
1292
1302
1313
1324
1334
1345
1356
1366
1377
1387
1398
1409
1419
1430
1440
1451
1462
1472
1483
1494
1504
1515
1525
1536
1547
1557
1568
1579
1589
1600
1610
1621
1632
1642
1653
1663
1674
1685
1695
1706
1717
1727
1738
1748
1759
1770
1780
1791
1802
1812
1823
1833
1844
1855
1865
1876
1886
1897
1908
1918
1929
1940
1950
1961
1971
1982
1993
2003
2014
2025
2035
2046
2056
2067
2078
2088
2099
2109
2120
2131
2141
2152
2163
2173
2184
2194
2205
2216
2226
2237
2248
2258
2269
2279
2290
2301
2311
2322
2333
2343
2354
2364
2375
2386
2396
2407
2417
2428
2439
2449
2460
2471
2481
2492
2502
2513
2524
2534
2545
2556
2566
2577
2587
2598
2609
2619
2630
2640
2651
2662
2672
2683
2694
2704
2715
2725
2736
2747
2757
2768
2779
2789
2800
2810
2821
2832
2842
2853
2863
2876
2889
2902
2915
2928
2941
2954
2967
2980
2993
3006
3019
3032
3045
3058
3071
3084
3097
3110
3123
3136
3149
3162
3175
3188
3201
3214
3227
3240
3252
3265
3278
3291
3304
3317
3330
3343
3356
3369
3382
3395
3408
3421
3434
3447
3460
3473
3486
3499
3512
3525
3538
3551
3564
3577
3590
3603
3616
3628
3641
3654
3667
3680
3693
3706
3719
3732
3745
3758
3771
3784
3797
3810
3823
3836
3849
3862
3875
3888
3901
3914
3927
3940
3953
3966
3979
3992
4004
4017
4030
4043
4056
4069
4082
4095
4108
4121
4134
4171
4198
4225
4252
4279
4306
4333
4360
4387
4414
4441
4468
4495
4523
4550
4577
4604
4631
4658
4685
4712
4739
4766
4793
4820
4847
4874
4902
4929
4956
4983
5010
5037
5064
5091
5118
5145
5172
5199
5226
5254
5281
5308
5335
5362
5389
5416
5443
5470
5497
5524
5551
5578
5605
5633
5660
5687
5714
5741
5768
5795
5822
5849
5876
5903
5930
5957
5985
6012
6039
6066
6093
6120
6147
6174
6201
6228
6255
6282
6309
6336
6364
6391
6418
6445
6472
6499
6526
6553
6580
6607
6634
6661
6688
6716
6743
6770
6797
6824
6851
6878
6905
6932
6959
6980
6997
7014
7031
7047
7064
7081
7098
7115
7131
7148
7165
7182
7199
7215
7232
7249
7266
7283
7299
7316
7333
7350
7367
7383
7400
7417
7434
7451
7467
7484
7501
7518
7535
7551
7568
7585
7602
7619
7635
7652
7669
7686
7703
7719
7736
7753
7770
7787
7803
7820
7837
7854
7871
7887
7904
7921
7938
7955
7971
7988
8005
8022
8038
8055
8072
8089
8106
8122
8139
8156
8173
8190
8206
8223
8240
8257
8274
8290
8307
8324
8341
8358
8374
8391
8408
8425
8442
8458
8475
8492
8509
8526
8542
8559
8576
8593
8610
8626
8643
8660
8677
8694
8710
8727
8744
8761
8778
8794
8811
8828
8845
8862
8878
8895
8912
8929
8946
8962
8979
8996
9013
9030
9046
9063
9080
9097
9113
9130
9147
9164
9181
9197
9214
9231
9253
9263
9273
9283
9292
9302
9312
9322
9331
9341
9351
9361
9370
9380
9390
9400
9410
9419
9429
9439
9449
9458
9468
9478
9488
9497
9507
9517
9527
9536
9546
9556
9566
9576
9585
9595
9605
9615
9624
9634
9644
9654
9663
9673
9683
9693
9703
9712
9722
9732
9742
9751
9761
9771
9781
9790
9800
9810
9820
9829
9839
9849
9859
9869
9878
9888
9898
9908
9917
9927
9937
9947
9956
9966
9976
9986
9996
10005
10015
10025
10035
10044
10054
10064
10074
10083
10093
10103
10113
10122
10132
10142
10152
10162
10171
10181
10191
10201
10210
10220
10230
10240
10249
10259
10269
10279
10289
10298
10308
10318
10328
10337
10347
10357
10367
10376
10386
10396
10406
10415
10425
10435
10445
10455
10464
10474
10484
10494
10503
10513
10523
10533
10542
10552
10562
10572
10582
10591
10605
10615
10626
10636
10647
10657
10668
10678
10689
10699
10710
10720
10730
10741
10751
10762
10772
10783
10793
10804
10814
10825
10835
10846
10856
10866
10877
10887
10898
10908
10919
10929
10940
10950
10961
10971
10982
10992
11002
11013
11023
11034
11044
11055
11065
11076
11086
11097
11107
11118
11128
11138
11149
11159
11170
11180
11191
11201
11212
11222
11233
11243
11253
11264
11274
11285
11295
11306
11316
11327
11337
11348
11358
11369
11379
11389
11400
11410
11421
11431
11442
11452
11463
11473
11484
11494
11505
11515
11525
11536
11546
11557
11567
11578
11588
11599
11609
11620
11630
11641
11651
11661
11672
11682
11693
11703
11714
11724
11735
11745
11756
11766
11776
11787
11797
11808
11818
11829
11839
11850
11860
11871
11881
11892
11902
11912
11923
11933
11944
11954
11965
11975
11986
11996
12014
12023
12033
12042
12052
12061
12071
12080
12090
12099
12109
12118
12128
12137
12147
12156
12166
12175
12185
12194
12203
12213
12222
12232
12241
12251
12260
12270
12279
12289
12298
12308
12317
12327
12336
12346
12355
12365
12374
12384
12393
12402
12412
12421
12431
12440
12450
12459
12469
12478
12488
12497
12507
12516
12526
12535
12545
12554
12564
12573
12583
12592
12601
12611
12620
12630
12639
12649
12658
12668
12677
12687
12696
12706
12715
12725
12734
12744
12753
12763
12772
12782
12791
12800
12810
12819
12829
12838
12848
12857
12867
12876
12886
12895
12905
12914
12924
12933
12943
12952
12962
12971
12981
12990
12999
13009
13018
13028
13037
13047
13056
13074
13083
13092
13101
13110
13119
13128
13137
13146
13155
13164
13174
13183
13192
13201
13210
13219
13228
13237
13246
13255
13264
13274
13283
13292
13301
13310
13319
13328
13337
13346
13355
13364
13373
13383
13392
13401
13410
13419
13428
13437
13446
13455
13464
13473
13483
13492
13501
13510
13519
13528
13537
13546
13555
13564
13573
13583
13592
13601
13610
13619
13628
13637
13646
13655
13664
13673
13682
13692
13701
13710
13719
13728
13737
13746
13755
13764
13773
13782
13792
13801
13810
13819
13828
13837
13846
13855
13864
13873
13882
13891
13901
13910
13919
13928
13937
13946
13955
13964
13973
13982
13991
14001
14010
14019
14028
14037
14046
14055
14064
14073
14082
14091
14101
14110
14119
14128
14137
14146
14155
14164
14173
14182
14191
14200
14210
14219
14228
14237
14246
14255
14264
14273
14282
14291
14300
14310
14319
14328
14337
14357
14369
14381
14393
14404
14416
14428
14440
14452
14463
14475
14487
14499
14510
14522
14534
14546
14558
14569
14581
14593
14605
14617
14628
14640
14652
14664
14675
14687
14699
14711
14723
14734
14746
14758
14770
14782
14793
14805
14817
14829
14840
14852
14864
14876
14888
14899
14911
14923
14935
14947
14958
14970
14982
14994
15005
15017
15029
15041
15053
15064
15076
15088
15100
15112
15123
15135
15147
15159
15170
15182
15194
15206
15218
15229
15241
15253
15265
15277
15288
15300
15312
15324
15335
15347
15359
15371
15383
15394
15406
15418
15430
15441
15453
15465
15477
15489
15500
15512
15524
15536
15548
15559
15571
15583
15595
15606
15618
15630
15642
15654
15665
15677
15689
15701
15713
15724
15736
15748
15760
15771
15783
15795
15807
15819
15837
15848
15859
15870
15881
15892
15903
15914
15925
15937
15948
15959
15970
15981
15992
16003
16014
16025
16036
16048
16059
16070
16081
16092
16103
16114
16125
16136
16147
16159
16170
16181
16192
16203
16214
16225
16236
16247
16258
16270
16281
16292
16303
16314
16325
16336
16347
16358
16369
16381
16392
16403
16414
16425
16436
16447
16458
16469
16480
16492
16503
16514
16525
16536
16547
16558
16569
16580
16591
16603
16614
16625
16636
16647
16658
16669
16680
16691
16703
16714
16725
16736
16747
16758
16769
16780
16791
16802
16814
16825
16836
16847
16858
16869
16880
16891
16902
16913
16925
16936
16947
16958
16969
16980
16991
17002
17013
17024
17036
17047
17058
17069
17080
17091
17102
17113
17124
17135
17147
17158
17169
17180
17191
17202
17213
17224
17235
17246
17258
17269
17280
17291
17302
17313
17324
17335
17346
17358
17369
17381
17392
17403
17415
17426
17437
17449
17460
17471
17483
17494
17506
17517
17528
17540
17551
17562
17574
17585
17596
17608
17619
17630
17642
17653
17665
17676
17687
17699
17710
17721
17733
17744
17755
17767
17778
17790
17801
17812
17824
17835
17846
17858
17869
17880
17892
17903
17914
17926
17937
17949
17960
17971
17983
17994
18005
18017
18028
18039
18051
18062
18073
18085
18096
18108
18119
18130
18142
18153
18164
18176
18187
18198
18210
18221
18233
18244
18255
18267
18278
18289
18301
18312
18323
18335
18346
18357
18369
18380
18392
18403
18414
18426
18437
18448
18460
18471
18482
18494
18505
18516
18528
18539
18551
18562
18573
18585
18596
18618
18629
18640
18651
18662
18673
18684
18695
18706
18717
18728
18739
18750
18761
18772
18783
18794
18805
18816
18827
18838
18849
18861
18872
18883
18894
18905
18916
18927
18938
18949
18960
18971
18982
18993
19004
19015
19026
19037
19048
19059
19070
19081
19092
19103
19115
19126
19137
19148
19159
19170
19181
19192
19203
19214
19225
19236
19247
19258
19269
19280
19291
19302
19313
19324
19335
19346
19358
19369
19380
19391
19402
19413
19424
19435
19446
19457
19468
19479
19490
19501
19512
19523
19534
19545
19556
19567
19578
19589
19600
19612
19623
19634
19645
19656
19667
19678
19689
19700
19711
19722
19733
19744
19755
19766
19777
19788
19799
19810
19821
19832
19843
19855
19866
19877
19888
19899
19910
19921
19932
19943
19954
19965
19976
19987
19998
20009
20020
20031
20042
20053
20064
20080
20093
20107
20120
20133
20147
20160
20174
20187
20200
20214
20227
20241
20254
20267
20281
20294
20307
20321
20334
20348
20361
20374
20388
20401
20415
20428
20441
20455
20468
20481
20495
20508
20522
20535
20548
20562
20575
20589
20602
20615
20629
20642
20655
20669
20682
20696
20709
20722
20736
20749
20763
20776
20789
20803
20816
20829
20843
20856
20870
20883
20896
20910
20923
20937
20950
20963
20977
20990
21003
21017
21030
21044
21057
21070
21084
21097
21111
21124
21137
21151
21164
21177
21191
21204
21218
21231
21244
21258
21271
21285
21298
21311
21325
21338
21351
21365
21378
21392
21405
21418
21432
21445
21459
21472
21485
21499
21512
21525
21539
21552
21566
21579
21592
21606
21619
21633
21648
21659
21670
21681
21692
21702
21713
21724
21735
21746
21756
21767
21778
21789
21800
21810
21821
21832
21843
21854
21864
21875
21886
21897
21908
21919
21929
21940
21951
21962
21973
21983
21994
22005
22016
22027
22037
22048
22059
22070
22081
22091
22102
22113
22124
22135
22145
22156
22167
22178
22189
22200
22210
22221
22232
22243
22254
22264
22275
22286
22297
22308
22318
22329
22340
22351
22362
22372
22383
22394
22405
22416
22427
22437
22448
22459
22470
22481
22491
22502
22513
22524
22535
22545
22556
22567
22578
22589
22599
22610
22621
22632
22643
22653
22664
22675
22686
22697
22708
22718
22729
22740
22751
22762
22772
22783
22794
22805
22816
22826
22837
22848
22859
22870
22880
22891
22902
22913
22924
22935
22945
22956
22967
22978
22989
22999
23010
23021
23032
23049
23061
23073
23085
23097
23109
23121
23132
23144
23156
23168
23180
23192
23204
23216
23227
23239
23251
23263
23275
23287
23299
23311
23322
23334
23346
23358
23370
23382
23394
23406
23417
23429
23441
23453
23465
23477
23489
23501
23512
23524
23536
23548
23560
23572
23584
23596
23607
23619
23631
23643
23655
23667
23679
23691
23702
23714
23726
23738
23750
23762
23774
23786
23797
23809
23821
23833
23845
23857
23869
23881
23892
23904
23916
23928
23940
23952
23964
23976
23987
23999
24011
24023
24035
24047
24059
24071
24082
24094
24106
24118
24130
24142
24154
24166
24177
24194
24209
24224
24240
24255
24270
24286
24301
24316
24332
24347
24362
24377
24393
24408
24423
24439
24454
24469
24485
24500
24515
24530
24546
24561
24576
24592
24607
24622
24638
24653
24668
24684
24699
24714
24729
24745
24760
24775
24791
24806
24821
24837
24852
24867
24882
24898
24913
24928
24944
24959
24974
24990
25005
25020
25036
25051
25066
25081
25097
25112
25127
25143
25158
25173
25189
25204
25219
25234
25250
25265
25280
25296
25311
25326
25342
25357
25372
25388
25403
25418
25433
25449
25464
25479
25495
25510
25525
25541
25556
25571
25586
25602
25617
25632
25648
25663
25678
25694
25709
25724
25739
25755
25770
25785
25801
25816
25831
25847
25862
25877
25893
25908
25923
25938
25954
25969
25984
26000
26015
26030
26046
26061
26076
26091
26107
26122
26137
26153
26168
26183
26199
26214
26229
26245
26260
26275
26290
26324
26350
26376
26402
26428
26454
26480
26506
26532
26558
26584
26610
26636
26662
26688
26714
26740
26766
26792
26818
26844
26870
26896
26922
26948
26974
27000
27026
27052
27078
27104
27130
27156
27181
27207
27233
27259
27285
27311
27337
27363
27389
27415
27441
27467
27493
27519
27545
27571
27597
27623
27649
27675
27701
27727
27753
27779
27805
27831
27857
27883
27909
27935
27961
27987
28013
28039
28064
28090
28116
28142
28168
28194
28220
28246
28272
28298
28324
28350
28376
28414
28439
28463
28488
28512
28537
28561
28586
28611
28635
28660
28684
28709
28733
28758
28783
28807
28832
28856
28881
28905
28930
28955
28979
29004
29028
29053
29077
29102
29127
29151
29176
29200
29225
29249
29274
29299
29323
29348
29372
29397
29421
29446
29471
29495
29520
29544
29569
29593
29618
29643
29667
29692
29716
29741
29765
29790
29815
29839
29864
29888
29913
29937
29962
29987
30011
30036
30060
30085
30109
30134
30159
30183
30208
30232
30257
30281
30306
30331
30355
30380
30404
30429
30453
30478
30503
30527
30552
30576
30601
30625
30650
30675
30699
30724
30748
30773
30797
30822
30847
30871
30896
30920
30945
30961
30977
30993
31008
31024
31040
31056
31072
31087
31103
31119
31135
31151
31166
31182
31198
31214
31230
31245
31261
31277
31293
31309
31324
31340
31356
31372
31388
31403
31419
31435
31451
31466
31482
31498
31514
31530
31545
31561
31577
31593
31609
31624
31640
31656
31672
31688
31703
31719
31735
31751
31767
31782
31798
31814
31830
31846
31861
31877
31893
31909
31924
31940
31956
31972
31988
32003
32019
32035
32051
32067
32082
32098
32114
32130
32146
32161
32177
32193
32209
32225
32240
32256
32272
32288
32304
32319
32335
32351
32367
32382
32398
32414
32430
32446
32461
32477
32493
32509
32525
32540
32556
32572
32588
32604
32619
32635
32651
32667
32683
32698
32714
32730
32746
32762
32777
32793
32809
32825
32840
32856
32872
32888
32904
32919
32935
32960
32970
32981
32991
33001
33012
33022
33032
33043
33053
33063
33074
33084
33094
33105
33115
33125
33136
33146
33156
33167
33177
33187
33198
33208
33218
33229
33239
33249
33260
33270
33280
33291
33301
33312
33322
33332
33343
33353
33363
33374
33384
33394
33405
33415
33425
33436
33446
33456
33467
33477
33487
33498
33508
33518
33529
33539
33549
33560
33570
33580
33591
33601
33611
33622
33632
33643
33653
33663
33674
33684
33694
33705
33715
33725
33736
33746
33756
33767
33777
33787
33798
33808
33818
33829
33839
33849
33860
33870
33880
33891
33901
33911
33922
33932
33942
33953
33963
33973
33984
33994
34005
34015
34025
34036
34046
34056
34067
34077
34087
34098
34108
34118
34129
34139
34149
34160
34170
34180
34191
34201
34211
34222
34232
34242
34253
34263
34273
34284
34294
34304
34315
34325
34336
34346
34356
34367
34377
34387
34398
34408
34418
34429
34440
34449
34458
34468
34477
34486
34496
34505
34514
34524
34533
34542
34552
34561
34570
34580
34589
34598
34608
34617
34626
34636
34645
34654
34664
34673
34682
34692
34701
34710
34720
34729
34738
34748
34757
34766
34776
34785
34794
34804
34813
34822
34832
34841
34850
34860
34869
34878
34888
34897
34906
34916
34925
34934
34944
34953
34962
34972
34981
34990
35000
35009
35018
35028
35037
35046
35056
35065
35074
35084
35093
35102
35112
35121
35130
35140
35149
35158
35168
35177
35186
35196
35205
35214
35224
35233
35242
35251
35261
35270
35279
35289
35298
35307
35317
35326
35335
35345
35354
35363
35373
35382
35391
35401
35410
35419
35429
35438
35447
35457
35466
35475
35485
35494
35503
35513
35522
35531
35541
35550
35559
35569
35578
35587
35597
35606
35615
35625
35643
35654
35665
35676
35687
35698
35709
35720
35731
35742
35753
35764
35775
35786
35797
35808
35819
35830
35841
35852
35863
35874
35885
35896
35907
35918
35929
35940
35951
35962
35973
35984
35995
36006
36017
36028
36039
36050
36061
36072
36083
36094
36105
36116
36127
36138
36149
36160
36171
36182
36193
36204
36215
36226
36237
36248
36259
36270
36281
36292
36303
36314
36325
36336
36347
36358
36369
36380
36391
36402
36413
36424
36435
36446
36457
36468
36479
36490
36501
36512
36523
36534
36545
36556
36567
36578
36590
36601
36612
36623
36634
36645
36656
36667
36678
36689
36700
36711
36722
36733
36744
36755
36766
36777
36788
36799
36810
36821
36832
36843
36854
36865
36876
36887
36898
36909
36920
36931
36942
36953
36964
36975
36986
36997
37008
37019
37030
37039
37047
37055
37062
37070
37078
37086
37093
37101
37109
37116
37124
37132
37140
37147
37155
37163
37171
37178
37186
37194
37201
37209
37217
37225
37232
37240
37248
37256
37263
37271
37279
37286
37294
37302
37310
37317
37325
37333
37341
37348
37356
37364
37371
37379
37387
37395
37402
37410
37418
37426
37433
37441
37449
37456
37464
37472
37480
37487
37495
37503
37511
37518
37526
37534
37541
37549
37557
37565
37572
37580
37588
37596
37603
37611
37619
37626
37634
37642
37650
37657
37665
37673
37681
37688
37702
37712
37722
37732
37742
37751
37761
37771
37781
37791
37801
37810
37820
37830
37840
37850
37860
37869
37879
37889
37899
37909
37918
37928
37938
37948
37958
37968
37977
37987
37997
38007
38017
38027
38036
38046
38056
38066
38076
38085
38095
38105
38115
38125
38135
38144
38154
38164
38174
38184
38194
38203
38213
38223
38233
38243
38253
38262
38272
38282
38292
38302
38311
38321
38331
38341
38351
38361
38370
38380
38390
38400
38410
38420
38429
38439
38449
38459
38469
38478
38488
38498
38508
38518
38528
38537
38547
38557
38567
38577
38587
38596
38606
38616
38626
38636
38646
38655
38665
38675
38685
38695
38704
38714
38724
38734
38744
38754
38763
38773
38783
38793
38803
38813
38822
38832
38842
38852
38862
38871
38881
38891
38901
38911
38921
38930
38940
38950
38960
38970
38980
38989
38999
39009
39019
39029
39038
39048
39058
39068
39078
39088
39097
39107
39122
39131
39140
39149
39158
39167
39176
39185
39194
39203
39212
39221
39230
39239
39248
39257
39266
39275
39284
39293
39302
39311
39320
39329
39338
39347
39356
39365
39374
39383
39392
39401
39410
39419
39428
39437
39446
39455
39464
39473
39482
39491
39500
39509
39518
39527
39536
39545
39554
39563
39572
39581
39590
39599
39608
39617
39626
39635
39644
39653
39662
39671
39680
39689
39697
39706
39715
39724
39733
39742
39751
39760
39769
39778
39787
39796
39805
39814
39823
39832
39841
39850
39859
39868
39877
39886
39895
39904
39913
39922
39931
39940
39949
39958
39967
39976
39985
39994
40003
40012
40021
40030
40039
40048
40057
40066
40075
40084
40093
40102
40111
40120
40129
40138
40147
40156
40165
40174
40183
40192
40201
40210
40219
40228
40237
40246
40255
40264
40272
40281
40290
40299
40308
40317
40326
40335
40344
40353
40362
40371
40380
40392
40400
40408
40417
40425
40433
40442
40450
40458
40467
40475
40483
40492
40500
40508
40516
40525
40533
40541
40550
40558
40566
40575
40583
40591
40600
40608
40616
40625
40633
40641
40649
40658
40666
40674
40683
40691
40699
40708
40716
40724
40733
40741
40749
40758
40766
40774
40782
40791
40799
40807
40816
40824
40832
40841
40849
40857
40866
40874
40882
40890
40899
40907
40915
40924
40932
40940
40949
40957
40965
40974
40982
40990
40999
41007
41015
41023
41032
41040
41048
41057
41065
41073
41082
41090
41098
41107
41115
41123
41132
41140
41148
41156
41165
41173
41181
41190
41198
41206
41215
41223
41231
41240
41248
41256
41265
41273
41281
41289
41298
41306
41314
41323
41331
41339
41348
41356
41364
41373
41384
41394
41404
41413
41423
41433
41442
41452
41462
41471
41481
41491
41500
41510
41520
41529
41539
41549
41558
41568
41578
41588
41597
41607
41617
41626
41636
41646
41655
41665
41675
41684
41694
41704
41713
41723
41733
41742
41752
41762
41772
41781
41791
41801
41810
41820
41830
41839
41849
41859
41868
41878
41888
41897
41907
41917
41926
41936
41946
41955
41965
41975
41985
41994
42004
42014
42023
42033
42043
42052
42062
42072
42081
42091
42101
42110
42120
42130
42139
42149
42159
42169
42178
42188
42198
42207
42217
42227
42236
42246
42256
42265
42275
42285
42294
42304
42314
42323
42333
42343
42352
42362
42372
42382
42391
42401
42411
42420
42430
42440
42456
42467
42478
42489
42501
42512
42523
42534
42546
42557
42568
42579
42591
42602
42613
42624
42635
42647
42658
42669
42680
42692
42703
42714
42725
42737
42748
42759
42770
42782
42793
42804
42815
42826
42838
42849
42860
42871
42883
42894
42905
42916
42928
42939
42950
42961
42973
42984
42995
43006
43017
43029
43040
43051
43062
43074
43085
43096
43107
43119
43130
43141
43152
43163
43175
43186
43197
43208
43220
43231
43242
43253
43265
43276
43287
43298
43310
43321
43332
43343
43354
43366
43377
43388
43399
43411
43422
43433
43444
43456
43467
43478
43489
43501
43512
43523
43534
43545
43557
43568
43579
43590
43602
43613
43624
43635
43647
43658
43669
43680
43692
43703
43714
43725
43736
43748
43759
43770
43781
43793
43804
43815
43826
43838
43849
43860
43871
43882
43894
43905
43916
43926
43937
43947
43958
43968
43979
43989
44000
44010
44021
44031
44042
44052
44063
44073
44084
44094
44105
44115
44126
44136
44147
44157
44168
44178
44189
44199
44210
44220
44231
44241
44252
44262
44273
44283
44294
44304
44315
44325
44336
44346
44357
44367
44378
44388
44399
44409
44420
44430
44441
44451
44462
44472
44483
44493
44504
44514
44525
44535
44546
44556
44567
44577
44588
44598
44609
44619
44630
44640
44651
44661
44672
44682
44693
44703
44714
44724
44735
44745
44756
44766
44777
44787
44798
44808
44819
44829
44840
44850
44861
44871
44881
44892
44902
44913
44923
44934
44944
44955
44965
44976
44986
44997
45007
45018
45028
45039
45049
45060
45070
45081
45091
45102
45112
45123
45133
45144
45154
45165
45175
45186
45196
45207
45227
45238
45249
45260
45272
45283
45294
45305
45317
45328
45339
45350
45362
45373
45384
45395
45406
45418
45429
45440
45451
45463
45474
45485
45496
45508
45519
45530
45541
45552
45564
45575
45586
45597
45609
45620
45631
45642
45654
45665
45676
45687
45698
45710
45721
45732
45743
45755
45766
45777
45788
45800
45811
45822
45833
45844
45856
45867
45878
45889
45901
45912
45923
45934
45946
45957
45968
45979
45991
46002
46013
46024
46035
46047
46058
46069
46080
46092
46103
46114
46125
46137
46148
46159
46170
46181
46193
46204
46215
46226
46238
46249
46260
46271
46283
46294
46305
46316
46327
46339
46350
46361
46372
46384
46395
46406
46417
46429
46440
46451
46462
46473
46485
46496
46507
46518
46530
46541
46552
46563
46575
46586
46597
46608
46619
46631
46642
46653
46664
46676
46687
46698
46709
46721
46732
46743
46754
46766
46777
46788
46799
46810
46822
46833
46844
46855
46867
46878
46889
46910
46924
46938
46952
46966
46979
46993
47007
47021
47035
47049
47062
47076
47090
47104
47118
47132
47145
47159
47173
47187
47201
47215
47228
47242
47256
47270
47284
47298
47311
47325
47339
47353
47367
47380
47394
47408
47422
47436
47450
47463
47477
47491
47505
47519
47533
47546
47560
47574
47588
47602
47616
47629
47643
47657
47671
47685
47699
47712
47726
47740
47754
47768
47782
47795
47809
47823
47837
47851
47864
47878
47892
47906
47920
47934
47947
47961
47975
47989
48003
48017
48030
48044
48058
48072
48086
48100
48113
48127
48141
48155
48169
48183
48196
48210
48224
48238
48252
48266
48279
48293
48307
48321
48335
48348
48362
48376
48390
48404
48418
48431
48445
48459
48473
48487
48501
48514
48528
48542
48556
48570
48587
48598
48608
48619
48629
48640
48651
48661
48672
48682
48693
48703
48714
48725
48735
48746
48756
48767
48777
48788
48799
48809
48820
48830
48841
48852
48862
48873
48883
48894
48904
48915
48926
48936
48947
48957
48968
48978
48989
49000
49010
49021
49031
49042
49053
49063
49074
49084
49095
49105
49116
49127
49137
49148
49158
49169
49179
49190
49201
49211
49222
49232
49243
49254
49264
49275
49285
49296
49306
49317
49328
49338
49349
49359
49370
49380
49391
49402
49412
49423
49433
49444
49455
49465
49476
49486
49497
49507
49518
49529
49539
49550
49560
49571
49581
49592
49603
49613
49624
49634
49645
49656
49666
49677
49687
49698
49708
49719
49730
49740
49751
49761
49772
49782
49793
49804
49814
49825
49835
49846
49856
49867
49876
49884
49893
49901
49910
49918
49927
49935
49944
49952
49961
49969
49978
49986
49995
50003
50011
50020
50028
50037
50045
50054
50062
50071
50079
50088
50096
50105
50113
50122
50130
50138
50147
50155
50164
50172
50181
50189
50198
50206
50215
50223
50232
50240
50249
50257
50265
50274
50282
50291
50299
50308
50316
50325
50333
50342
50350
50359
50367
50376
50384
50392
50401
50409
50418
50426
50435
50443
50452
50460
50469
50477
50486
50494
50503
50511
50519
50528
50536
50545
50553
50562
50570
50579
50587
50596
50604
50613
50621
50630
50638
50646
50655
50663
50672
50680
50689
50697
50706
50714
50723
50731
50740
50748
50757
50765
50773
50782
50790
50799
50807
50816
50824
50833
50841
50850
50858
50867
50875
50884
50892
50900
50909
50917
50926
50934
50943
50951
50960
50976
50984
50992
51000
51008
51016
51024
51032
51040
51048
51056
51064
51072
51080
51088
51096
51104
51112
51120
51128
51136
51144
51152
51160
51168
51176
51184
51192
51200
51208
51216
51224
51232
51240
51248
51256
51264
51272
51280
51288
51296
51304
51312
51320
51328
51336
51344
51352
51360
51368
51376
51384
51392
51400
51408
51416
51424
51432
51440
51448
51456
51464
51472
51480
51488
51496
51504
51512
51520
51528
51536
51544
51552
51560
51568
51576
51584
51592
51600
51608
51616
51624
51632
51640
51648
51656
51664
51672
51680
51688
51696
51704
51712
51720
51728
51736
51744
51752
51760
51768
51776
51784
51792
51800
51808
51816
51824
51832
51840
51848
51856
51864
51872
51880
51888
51896
51904
51912
51920
51928
51936
51944
51952
51960
51968
51976
51984
51992
52006
52014
52022
52030
52038
52046
52054
52062
52070
52078
52086
52094
52102
52110
52118
52126
52134
52142
52150
52158
52166
52174
52182
52190
52198
52206
52214
52222
52230
52238
52246
52254
52262
52270
52278
52286
52294
52302
52310
52318
52326
52334
52342
52350
52358
52366
52374
52382
52390
52398
52406
52414
52422
52430
52438
52446
52454
52462
52470
52478
52486
52494
52502
52510
52518
52526
52534
52542
52550
52558
52566
52574
52582
52590
52598
52606
52614
52622
52630
52638
52646
52654
52662
52670
52678
52686
52694
52702
52710
52718
52726
52734
52742
52750
52758
52766
52774
52782
52790
52798
52806
52814
52822
52830
52838
52846
52854
52862
52870
52878
52886
52894
52902
52910
52918
52926
52934
52942
52950
52958
52966
52974
52982
52990
52998
53006
53014
53022
53030
53038
53046
53054
53062
53076
53085
53094
53103
53111
53120
53129
53138
53147
53155
53164
53173
53182
53190
53199
53208
53217
53226
53234
53243
53252
53261
53270
53278
53287
53296
53305
53313
53322
53331
53340
53349
53357
53366
53375
53384
53392
53401
53410
53419
53428
53436
53445
53454
53463
53472
53480
53489
53498
53507
53515
53524
53533
53542
53551
53559
53568
53577
53586
53595
53603
53612
53621
53630
53638
53647
53656
53665
53674
53682
53691
53700
53709
53717
53726
53735
53744
53753
53761
53770
53779
53788
53797
53805
53814
53823
53832
53840
53849
53858
53867
53876
53884
53893
53902
53911
53919
53928
53937
53946
53955
53963
53972
53981
53990
53999
54007
54016
54025
54034
54042
54051
54060
54077
54086
54095
54104
54114
54123
54132
54141
54150
54160
54169
54178
54187
54197
54206
54215
54224
54233
54243
54252
54261
54270
54280
54289
54298
54307
54316
54326
54335
54344
54353
54362
54372
54381
54390
54399
54409
54418
54427
54436
54445
54455
54464
54473
54482
54492
54501
54510
54519
54528
54538
54547
54556
54565
54575
54584
54593
54602
54611
54621
54630
54639
54648
54657
54667
54676
54685
54694
54704
54713
54722
54731
54740
54750
54759
54768
54777
54787
54796
54805
54814
54823
54833
54842
54851
54860
54869
54879
54888
54897
54906
54916
54925
54934
54943
54952
54962
54971
54980
54989
54999
55008
55017
55026
55035
55045
55054
55063
55072
55082
55091
55100
55109
55118
55128
55137
55146
55155
55164
55174
55183
55192
55201
55211
55220
55229
55238
55247
55257
55266
55275
55284
55294
55303
55312
55321
55330
55340
55349
55358
55367
55376
55386
55395
55404
55413
55423
55439
55450
55461
55472
55483
55493
55504
55515
55526
55537
55548
55558
55569
55580
55591
55602
55613
55623
55634
55645
55656
55667
55678
55688
55699
55710
55721
55732
55743
55753
55764
55775
55786
55797
55808
55818
55829
55840
55851
55862
55873
55883
55894
55905
55916
55927
55938
55948
55959
55970
55981
55992
56003
56013
56024
56035
56046
56057
56068
56078
56089
56100
56111
56122
56133
56143
56154
56165
56176
56187
56198
56208
56219
56230
56241
56252
56263
56273
56284
56295
56306
56317
56328
56338
56349
56360
56371
56382
56393
56403
56414
56425
56436
56447
56458
56468
56479
56490
56501
56512
56523
56533
56544
56555
56566
56577
56588
56598
56609
56620
56631
56642
56653
56663
56674
56685
56696
56707
56717
56728
56739
56750
56761
56772
56782
56793
56807
56816
56825
56834
56843
56852
56861
56870
56879
56888
56897
56906
56915
56924
56933
56942
56951
56960
56969
56978
56987
56996
57005
57013
57022
57031
57040
57049
57058
57067
57076
57085
57094
57103
57112
57121
57130
57139
57148
57157
57166
57175
57184
57193
57202
57211
57219
57228
57237
57246
57255
57264
57273
57282
57291
57300
57309
57318
57327
57336
57345
57354
57363
57372
57381
57390
57399
57408
57417
57426
57434
57443
57452
57461
57470
57479
57488
57497
57506
57515
57524
57533
57542
57551
57560
57569
57578
57587
57596
57605
57614
57623
57632
57640
57649
57658
57667
57676
57685
57694
57703
57712
57721
57730
57739
57748
57757
57766
57775
57784
57793
57802
57811
57820
57829
57838
57847
57855
57864
57873
57882
57891
57900
57909
57918
57927
57936
57945
57954
57969
57978
57987
57997
58006
58015
58025
58034
58043
58052
58062
58071
58080
58090
58099
58108
58118
58127
58136
58145
58155
58164
58173
58183
58192
58201
58211
58220
58229
58238
58248
58257
58266
58276
58285
58294
58304
58313
58322
58331
58341
58350
58359
58369
58378
58387
58397
58406
58415
58424
58434
58443
58452
58462
58471
58480
58490
58499
58508
58517
58527
58536
58545
58555
58564
58573
58583
58592
58601
58610
58620
58629
58638
58648
58657
58666
58676
58685
58694
58703
58713
58722
58731
58741
58750
58759
58769
58778
58787
58796
58806
58815
58824
58834
58843
58852
58862
58871
58880
58889
58899
58908
58917
58927
58936
58945
58954
58964
58973
58982
58992
59001
59010
59020
59029
59038
59047
59057
59066
59075
59085
59094
59103
59113
59130
59140
59150
59160
59169
59179
59189
59199
59208
59218
59228
59238
59247
59257
59267
59277
59286
59296
59306
59316
59325
59335
59345
59355
59364
59374
59384
59394
59403
59413
59423
59433
59442
59452
59462
59472
59481
59491
59501
59511
59520
59530
59540
59550
59559
59569
59579
59589
59598
59608
59618
59628
59637
59647
59657
59667
59677
59686
59696
59706
59716
59725
59735
59745
59755
59764
59774
59784
59794
59803
59813
59823
59833
59842
59852
59862
59872
59881
59891
59901
59911
59920
59930
59940
59950
59959
59969
59979
59989
59998
60008
60018
60028
60037
60047
60057
60067
60076
60086
60096
60106
60115
60125
60135
60145
60154
60164
60174
60184
60193
60203
60213
60223
60233
60242
60252
60262
60272
60281
60291
60301
60311
60320
60330
60340
60350
60361
60371
60381
60391
60401
60411
60421
60432
60442
60452
60462
60472
60482
60492
60503
60513
60523
60533
60543
60553
60563
60574
60584
60594
60604
60614
60624
60634
60645
60655
60665
60675
60685
60695
60705
60716
60726
60736
60746
60756
60766
60776
60787
60797
60807
60817
60827
60837
60847
60858
60868
60878
60888
60898
60908
60918
60929
60939
60949
60959
60969
60979
60989
61000
61010
61020
61030
61040
61050
61060
61071
61081
61091
61101
61111
61121
61131
61142
61152
61162
61172
61182
61192
61202
61213
61223
61233
61243
61253
61263
61273
61283
61294
61304
61314
61324
61334
61344
61354
61365
61375
61385
61395
61405
61415
61425
61436
61446
61456
61466
61476
61486
61496
61507
61517
61527
61537
61547
61557
61567
61578
61588
61598
61608
61618
61628
61638
61649
61659
61669
61679
61689
61699
61709
61720
61730
61740
61749
61757
61766
61775
61783
61792
61800
61809
61818
61826
61835
61843
61852
61861
61869
61878
61886
61895
61904
61912
61921
61929
61938
61947
61955
61964
61972
61981
61990
61998
62007
62015
62024
62033
62041
62050
62059
62067
62076
62084
62093
62102
62110
62119
62127
62136
62145
62153
62162
62170
62179
62188
62196
62205
62213
62222
62231
62239
62248
62256
62265
62274
62282
62291
62299
62308
62317
62325
62334
62342
62351
62360
62368
62377
62386
62394
62403
62411
62420
62429
62437
62446
62454
62463
62472
62480
62489
62497
62506
62515
62523
62532
62540
62549
62558
62566
62575
62583
62592
62601
62609
62618
62626
62635
62644
62652
62661
62670
62678
62687
62695
62704
62713
62721
62730
62738
62747
62756
62764
62773
62781
62790
62799
62807
62816
62830
62838
62847
62855
62864
62872
62881
62889
62898
62906
62915
62923
62932
62940
62948
62957
62965
62974
62982
62991
62999
63008
63016
63025
63033
63042
63050
63059
63067
63075
63084
63092
63101
63109
63118
63126
63135
63143
63152
63160
63169
63177
63186
63194
63202
63211
63219
63228
63236
63245
63253
63262
63270
63279
63287
63296
63304
63313
63321
63329
63338
63346
63355
63363
63372
63380
63389
63397
63406
63414
63423
63431
63440
63448
63456
63465
63473
63482
63490
63499
63507
63516
63524
63533
63541
63550
63558
63567
63575
63583
63592
63600
63609
63617
63626
63634
63643
63651
63660
63668
63677
63685
63694
63702
63710
63719
63727
63736
63744
63753
63761
63770
63778
63787
63795
63804
63812
63820
63829
63842
63853
63864
63875
63886
63896
63907
63918
63929
63940
63950
63961
63972
63983
63994
64004
64015
64026
64037
64048
64058
64069
64080
64091
64102
64112
64123
64134
64145
64156
64166
64177
64188
64199
64210
64220
64231
64242
64253
64264
64274
64285
64296
64307
64318
64328
64339
64350
64361
64372
64382
64393
64404
64415
64426
64437
64447
64458
64469
64480
64491
64501
64512
64523
64534
64545
64555
64566
64577
64588
64599
64609
64620
64631
64642
64653
64663
64674
64685
64696
64707
64717
64728
64739
64750
64761
64771
64782
64793
64804
64815
64825
64836
64847
64858
64869
64879
64890
64901
64912
64923
64933
64944
64955
64966
64977
64987
64998
65009
65020
65031
65042
65052
65063
65074
65085
65096
65106
65117
65128
65139
65150
65160
65171
65182
65193
65204
65214
65225
65242
65251
65261
65270
65280
65289
65299
65308
65317
65327
65336
65346
65355
65365
65374
65384
65393
65402
65412
65421
65431
65440
65450
65459
65469
65478
65487
65497
65506
65516
65525
65535
65544
65554
65563
65572
65582
65591
65601
65610
65620
65629
65639
65648
65657
65667
65676
65686
65695
65705
65714
65724
65733
65742
65752
65761
65771
65780
65790
65799
65809
65818
65827
65837
65846
65856
65865
65875
65884
65894
65903
65912
65922
65931
65941
65950
65960
65969
65979
65988
65997
66007
66016
66026
66035
66045
66054
66064
66073
66082
66092
66101
66111
66120
66130
66139
66149
66158
66167
66177
66186
66196
66205
66215
66224
66234
66243
66252
66262
66271
66281
66290
66300
66309
66319
66328
66337
66347
66356
66366
66375
66385
66394
66404
66413
66422
66432
66441
66451
66460
66470
66479
66489
66502
66511
66520
66530
66539
66548
66558
66567
66576
66586
66595
66604
66614
66623
66632
66642
66651
66660
66670
66679
66688
66698
66707
66716
66726
66735
66744
66754
66763
66772
66781
66791
66800
66809
66819
66828
66837
66847
66856
66865
66875
66884
66893
66903
66912
66921
66931
66940
66949
66959
66968
66977
66987
66996
67005
67015
67024
67033
67043
67052
67061
67070
67080
67089
67098
67108
67117
67126
67136
67145
67154
67164
67173
67182
67192
67201
67210
67220
67229
67238
67248
67257
67266
67276
67285
67294
67304
67313
67322
67332
67341
67350
67359
67369
67378
67387
67397
67406
67415
67425
67434
67443
67453
67462
67471
67481
67490
67499
67509
67518
67527
67537
67546
67555
67565
67574
67583
67593
67602
67611
67624
67634
67645
67655
67665
67676
67686
67696
67707
67717
67728
67738
67748
67759
67769
67779
67790
67800
67810
67821
67831
67842
67852
67862
67873
67883
67893
67904
67914
67925
67935
67945
67956
67966
67976
67987
67997
68007
68018
68028
68039
68049
68059
68070
68080
68090
68101
68111
68122
68132
68142
68153
68163
68173
68184
68194
68204
68215
68225
68236
68246
68256
68267
68277
68287
68298
68308
68318
68329
68339
68350
68360
68370
68381
68391
68401
68412
68422
68433
68443
68453
68464
68474
68484
68495
68505
68515
68526
68536
68547
68557
68567
68578
68588
68598
68609
68619
68630
68640
68650
68661
68671
68681
68692
68702
68712
68723
68733
68744
68754
68764
68775
68785
68795
68806
68816
68827
68837
68847
68858
68868
68878
68889
68903
68913
68923
68933
68943
68953
68963
68973
68983
68993
69003
69012
69022
69032
69042
69052
69062
69072
69082
69092
69102
69112
69121
69131
69141
69151
69161
69171
69181
69191
69201
69211
69221
69230
69240
69250
69260
69270
69280
69290
69300
69310
69320
69330
69339
69349
69359
69369
69379
69389
69399
69409
69419
69429
69439
69448
69458
69468
69478
69488
69498
69508
69518
69528
69538
69548
69557
69567
69577
69587
69597
69607
69617
69627
69637
69647
69657
69666
69676
69686
69696
69706
69716
69726
69736
69746
69756
69766
69775
69785
69795
69805
69815
69825
69835
69845
69855
69865
69875
69884
69894
69904
69914
69924
69934
69944
69954
69964
69974
69984
69993
70003
70013
70023
70033
70043
70053
70063
70073
70083
70093
70102
70112
70122
70134
70143
70152
70162
70171
70180
70190
70199
70208
70218
70227
70236
70246
70255
70264
70274
70283
70292
70302
70311
70320
70330
70339
70348
70358
70367
70376
70386
70395
70404
70414
70423
70432
70442
70451
70460
70469
70479
70488
70497
70507
70516
70525
70535
70544
70553
70563
70572
70581
70591
70600
70609
70619
70628
70637
70647
70656
70665
70675
70684
70693
70703
70712
70721
70731
70740
70749
70759
70768
70777
70786
70796
70805
70814
70824
70833
70842
70852
70861
70870
70880
70889
70898
70908
70917
70926
70936
70945
70954
70964
70973
70982
70992
71001
71010
71020
71029
71038
71048
71057
71066
71076
71085
71094
71103
71113
71122
71131
71141
71150
71159
71169
71178
71187
71197
71206
71215
71225
71234
71246
71257
71268
71279
71290
71301
71312
71323
71334
71345
71356
71367
71378
71389
71400
71411
71422
71433
71444
71455
71466
71477
71488
71499
71510
71521
71532
71543
71554
71565
71576
71588
71599
71610
71621
71632
71643
71654
71665
71676
71687
71698
71709
71720
71731
71742
71753
71764
71775
71786
71797
71808
71819
71830
71841
71852
71863
71874
71885
71896
71907
71918
71930
71941
71952
71963
71974
71985
71996
72007
72018
72029
72040
72051
72062
72073
72084
72095
72106
72117
72128
72139
72150
72161
72172
72183
72194
72205
72216
72227
72238
72249
72260
72271
72283
72294
72305
72316
72327
72338
72349
72360
72371
72382
72393
72404
72415
72426
72437
72448
72459
72470
72481
72492
72503
72514
72525
72536
72547
72558
72569
72580
72591
72602
72613
72625
72636
72647
72658
72669
72680
72691
72702
72713
72724
72735
72746
72757
72768
72779
72790
72801
72815
72826
72836
72847
72857
72868
72878
72889
72899
72910
72920
72931
72942
72952
72963
72973
72984
72994
73005
73015
73026
73036
73047
73058
73068
73079
73089
73100
73110
73121
73131
73142
73152
73163
73173
73184
73195
73205
73216
73226
73237
73247
73258
73268
73279
73289
73300
73311
73321
73332
73342
73353
73363
73374
73384
73395
73405
73416
73427
73437
73448
73458
73469
73479
73490
73500
73511
73521
73532
73542
73553
73564
73574
73585
73595
73606
73616
73627
73637
73648
73658
73669
73680
73690
73701
73711
73722
73732
73743
73753
73764
73774
73785
73795
73806
73817
73827
73838
73848
73859
73869
73880
73890
73901
73911
73922
73933
73943
73954
73964
73975
73985
73996
74006
74017
74027
74038
74049
74059
74070
74080
74091
74101
74112
74122
74133
74143
74157
74168
74179
74191
74202
74213
74225
74236
74247
74259
74270
74281
74292
74304
74315
74326
74338
74349
74360
74372
74383
74394
74405
74417
74428
74439
74451
74462
74473
74485
74496
74507
74518
74530
74541
74552
74564
74575
74586
74598
74609
74620
74631
74643
74654
74665
74677
74688
74699
74711
74722
74733
74745
74756
74767
74778
74790
74801
74812
74824
74835
74846
74858
74869
74880
74891
74903
74914
74925
74937
74948
74959
74971
74982
74993
75004
75016
75027
75038
75050
75061
75072
75084
75095
75106
75117
75129
75140
75151
75163
75174
75185
75197
75208
75219
75230
75242
75253
75264
75284
75293
75302
75310
75319
75328
75336
75345
75354
75362
75371
75380
75388
75397
75406
75414
75423
75432
75440
75449
75458
75467
75475
75484
75493
75501
75510
75519
75527
75536
75545
75553
75562
75571
75579
75588
75597
75605
75614
75623
75631
75640
75649
75658
75666
75675
75684
75692
75706
75715
75724
75733
75743
75752
75761
75770
75779
75789
75798
75807
75816
75826
75835
75844
75853
75862
75872
75881
75890
75899
75908
75918
75927
75936
75945
75955
75964
75973
75982
75991
76001
76010
76019
76028
76037
76047
76056
76065
76074
76084
76093
76102
76111
76120
76130
76139
76148
76157
76167
76176
76185
76194
76203
76213
76222
76231
76240
76249
76259
76268
76277
76286
76296
76305
76314
76323
76332
76342
76351
76360
76369
76378
76388
76397
76406
76415
76425
76434
76443
76452
76461
76471
76480
76489
76498
76508
76517
76526
76535
76544
76554
76563
76572
76581
76590
76600
76609
76618
76627
76637
76646
76655
76664
76673
76683
76692
76701
76710
76719
76729
76738
76747
76756
76766
76775
76784
76793
76802
76812
76821
76830
76839
76848
76858
76867
76876
76885
76895
76904
76913
76922
76931
76941
76950
76959
76968
76978
76987
76996
77005
77014
77024
77033
77042
77051
77060
77070
77079
77088
77097
77107
77116
77125
77134
77143
77153
77162
77171
77180
77189
77199
77208
77217
77226
77236
77246
77256
77266
77276
77286
77296
77306
77316
77326
77336
77346
77356
77366
77376
77386
77396
77406
77416
77426
77436
77446
77456
77466
77476
77486
77496
77506
77516
77526
77536
77546
77556
77566
77576
77586
77596
77606
77616
77626
77636
77646
77656
77666
77676
77686
77696
77706
77716
77726
77736
77746
77756
77766
77776
77786
77796
77806
77816
77825
77835
77845
77855
77865
77875
77885
77895
77905
77915
77925
77935
77945
77955
77965
77975
77985
77995
78005
78015
78025
78035
78045
78055
78065
78075
78085
78095
78105
78115
78125
78135
78145
78155
78165
78175
78185
78195
78205
78215
78225
78235
78245
78255
78265
78275
78285
78295
78305
78315
78325
78335
78345
78355
78365
78375
78385
78395
78405
78414
78424
78434
78444
78454
78464
78474
78504
78530
78557
78583
78610
78636
78662
78689
78715
78742
78768
78794
78821
78847
78874
78900
78927
78953
78979
79006
79032
79059
79085
79111
79138
79164
79191
79217
79243
79270
79296
79323
79349
79376
79402
79428
79455
79481
79508
79534
79560
79587
79613
79640
79666
79692
79719
79745
79772
79798
79825
79851
79877
79904
79930
79957
79983
80009
80036
80062
80089
80115
80141
80168
80194
80221
80247
80274
80300
80326
80353
80379
80406
80432
80458
80485
80511
80538
80564
80590
80617
80643
80670
80696
80723
80749
80775
80802
80828
80855
80881
80907
80934
80960
80987
81013
81039
81066
81092
81119
81145
81172
81198
81224
81251
81277
81304
81330
81356
81383
81409
81436
81462
81488
81515
81541
81568
81594
81621
81647
81673
81700
81726
81753
81779
81805
81831
81845
81858
81872
81886
81899
81913
81927
81940
81954
81968
81981
81995
82009
82022
82036
82050
82063
82077
82091
82104
82118
82132
82145
82159
82173
82186
82200
82214
82227
82241
82255
82268
82282
82296
82309
82323
82337
82350
82364
82378
82391
82405
82419
82432
82446
82459
82473
82496
82513
82530
82547
82564
82581
82598
82615
82632
82649
82666
82683
82700
82717
82734
82751
82768
82785
82802
82819
82836
82853
82870
82887
82904
82921
82938
82955
82972
82989
83006
83023
83040
83057
83082
83105
83128
83151
83175
83198
83221
83244
83268
83291
83314
83337
83361
83384
83407
83430
83454
83477
83500
83523
83547
83570
83593
83616
83640
83663
83686
83709
83732
83756
83779
83802
83825
83849
83872
83895
83918
83942
83965
83988
84011
84035
84058
84081
84104
84128
84151
84174
84197
84221
84244
84267
84290
84314
84337
84360
84383
84406
84430
