0
7
12
17
22
28
33
38
43
48
54
59
64
69
74
80
85
90
95
100
106
111
116
121
126
132
137
142
147
153
158
163
168
173
179
184
189
194
199
205
210
215
220
225
231
236
241
246
251
257
262
267
272
278
283
288
293
298
304
309
314
319
324
330
335
340
345
350
356
361
366
371
376
382
387
392
397
403
408
413
418
423
429
434
439
444
449
455
460
465
470
475
481
486
491
496
501
507
512
517
522
528
533
538
543
548
554
559
564
569
574
580
585
590
595
600
606
611
616
621
626
632
637
642
647
652
658
663
668
683
695
707
718
730
742
754
765
777
789
801
812
824
836
848
859
871
883
894
906
918
930
941
953
965
977
988
1000
1012
1024
1035
1047
1059
1071
1082
1094
1106
1117
1129
1141
1153
1164
1176
1188
1200
1211
1223
1235
1247
1258
1270
1282
1294
1305
1317
1329
1340
1352
1364
1376
1387
1399
1411
1423
1434
1446
1458
1470
1481
1493
1505
1517
1528
1540
1552
1563
1575
1587
1599
1610
1622
1634
1646
1657
1669
1681
1693
1704
1716
1728
1740
1751
1763
1775
1786
1798
1810
1822
1833
1845
1857
1869
1880
1892
1904
1916
1927
1939
1951
1963
1974
1986
1998
2009
2021
2033
2045
2056
2068
2080
2092
2103
2115
2127
2139
2150
2162
2174
2186
2197
2209
2221
2232
2244
2256
2268
2279
2291
2303
2315
2326
2338
2350
2362
2373
2385
2397
2409
2420
2432
2444
2455
2467
2479
2491
2502
2514
2526
2538
2549
2561
2579
2586
2593
2600
2607
2614
2621
2628
2635
2642
2649
2656
2663
2670
2677
2684
2691
2698
2705
2712
2719
2726
2733
2740
2747
2754
2761
2768
2775
2782
2789
2796
2803
2810
2817
2824
2831
2838
2845
2852
2859
2866
2872
2879
2886
2893
2900
2907
2914
2921
2928
2935
2942
2949
2956
2963
2970
2977
2984
2991
2998
3005
3012
3019
3026
3033
3040
3047
3054
3061
3068
3075
3082
3089
3096
3103
3110
3117
3124
3131
3138
3145
3152
3159
3165
3172
3179
3186
3193
3200
3207
3214
3221
3228
3235
3242
3249
3256
3263
3270
3277
3284
3291
3298
3310
3317
3324
3330
3337
3344
3350
3357
3364
3370
3377
3384
3390
3397
3404
3410
3417
3424
3430
3437
3444
3450
3457
3464
3470
3477
3484
3490
3497
3504
3510
3517
3524
3530
3537
3544
3550
3557
3564
3570
3577
3584
3590
3597
3604
3610
3617
3624
3631
3637
3644
3651
3657
3664
3671
3677
3684
3691
3697
3704
3711
3717
3724
3731
3737
3744
3751
3757
3764
3771
3777
3784
3791
3797
3804
3811
3817
3824
3831
3837
3844
3851
3857
3864
3871
3877
3884
3891
3897
3904
3911
3917
3924
3931
3938
3944
3951
3958
3964
3971
3978
3984
3991
3998
4004
4011
4018
4024
4031
4038
4044
4051
4058
4069
4074
4079
4085
4090
4095
4101
4106
4111
4116
4122
4127
4132
4138
4143
4148
4153
4159
4164
4169
4175
4180
4185
4190
4196
4201
4206
4212
4217
4222
4227
4233
4238
4243
4249
4254
4259
4264
4270
4275
4280
4286
4291
4296
4302
4307
4312
4317
4323
4328
4333
4339
4344
4349
4354
4360
4365
4370
4376
4381
4386
4391
4397
4402
4407
4413
4418
4423
4428
4434
4439
4444
4450
4455
4460
4465
4471
4476
4481
4487
4492
4497
4503
4508
4513
4518
4524
4529
4534
4540
4545
4550
4555
4561
4566
4571
4577
4582
4587
4592
4598
4603
4608
4614
4619
4624
4629
4635
4640
4645
4651
4656
4661
4666
4672
4677
4682
4688
4693
4698
4703
4709
4714
4719
4725
4730
4735
4741
4746
4751
4756
4762
4767
4772
4778
4783
4788
4793
4799
4804
4809
4815
4820
4825
4830
4840
4847
4853
4860
4867
4873
4880
4887
4893
4900
4907
4913
4920
4927
4933
4940
4947
4953
4960
4967
4973
4980
4987
4993
5000
5007
5013
5020
5027
5033
5040
5046
5053
5060
5066
5073
5080
5086
5093
5100
5106
5113
5120
5126
5133
5140
5146
5153
5160
5166
5173
5180
5186
5193
5200
5206
5213
5220
5226
5233
5240
5246
5253
5259
5266
5273
5279
5286
5293
5299
5306
5313
5319
5326
5333
5339
5346
5353
5359
5366
5373
5379
5386
5393
5399
5406
5413
5419
5426
5433
5439
5446
5452
5459
5466
5472
5479
5486
5492
5499
5506
5512
5519
5526
5532
5539
5546
5552
5559
5566
5572
5579
5586
5592
5599
5606
5612
5619
5626
5632
5639
5646
5652
5659
5665
5672
5679
5685
5692
5699
5705
5712
5719
5725
5732
5739
5745
5752
5759
5765
5772
5779
5785
5792
5803
5811
5819
5827
5835
5843
5851
5859
5867
5875
5883
5892
5900
5908
5916
5924
5932
5940
5948
5956
5964
5972
5981
5989
5997
6005
6013
6021
6029
6037
6045
6053
6061
6070
6078
6086
6094
6102
6110
6118
6126
6134
6142
6150
6159
6167
6175
6183
6191
6199
6207
6215
6223
6231
6239
6247
6256
6264
6272
6280
6288
6296
6304
6312
6320
6328
6336
6345
6353
6361
6369
6377
6385
6393
6401
6409
6417
6425
6434
6442
6450
6458
6466
6474
6482
6490
6498
6506
6514
6523
6531
6539
6547
6555
6563
6571
6579
6587
6595
6603
6611
6620
6628
6636
6644
6652
6660
6668
6676
6684
6692
6700
6709
6717
6725
6733
6741
6749
6757
6765
6773
6781
6789
6798
6806
6814
6822
6830
6838
6846
6854
6862
6870
6878
6887
6895
6903
6938
6971
7004
7037
7070
7103
7136
7169
7202
7235
7268
7301
7335
7368
7401
7434
7467
7500
7533
7566
7599
7632
7665
7698
7732
7765
7798
7831
7864
7897
7930
7963
7996
8029
8062
8095
8129
8162
8195
8228
8261
8294
8327
8360
8393
8426
8459
8492
8526
8559
8592
8625
8658
8691
8724
8757
8790
8823
8856
8889
8923
8956
8989
9022
9055
9088
9121
9154
9187
9220
9253
9286
9319
9353
9386
9419
9452
9485
9518
9551
9584
9617
9650
9683
9716
9750
9783
9816
9849
9882
9915
9948
9981
10014
10047
10080
10113
10147
10180
10213
10246
10279
10312
10345
10378
10402
10418
10435
10451
10468
10484
10501
10517
10534
10550
10567
10583
10600
10616
10633
10649
10666
10682
10699
10715
10732
10748
10765
10781
10798
10814
10831
10847
10864
10880
10897
10913
10930
10946
10963
10979
10996
11012
11029
11045
11062
11078
11095
11111
11128
11144
11161
11177
11194
11210
11227
11243
11260
11276
11293
11309
11326
11342
11359
11375
11392
11408
11425
11441
11458
11474
11491
11507
11524
11540
11557
11573
11590
11606
11623
11639
11656
11672
11689
11705
11722
11738
11755
11771
11788
11804
11821
11837
11854
11870
11887
11903
11920
11936
11953
11969
11986
12002
12019
12035
12052
12068
12085
12101
12118
12134
12151
12167
12184
12200
12217
12233
12250
12266
12283
12299
12316
12332
12349
12365
12382
12398
12415
12431
12448
12464
12481
12497
12514
12530
12546
12563
12579
12596
12612
12629
12662
12689
12715
12742
12768
12795
12821
12848
12874
12901
12927
12954
12980
13007
13033
13060
13086
13113
13139
13166
13192
13219
13245
13272
13298
13325
13351
13378
13404
13431
13457
13484
13511
13537
13564
13590
13617
13643
13670
13696
13723
13749
13776
13802
13829
13855
13882
13908
13935
13961
13988
14014
14041
14067
14094
14120
14147
14173
14200
14226
14253
14279
14306
14333
14359
14386
14412
14439
14465
14492
14518
14545
14571
14598
14624
14651
14677
14704
14730
14757
14783
14810
14836
14863
14889
14916
14942
14969
14995
15022
15048
15075
15101
15128
15155
15181
15208
15234
15261
15287
15314
15340
15367
15393
15420
15446
15473
15499
15526
15552
15579
15605
15632
15658
15685
15711
15738
15764
15791
15817
15844
15882
15907
15932
15957
15982
16008
16033
16058
16083
16108
16133
16159
16184
16209
16234
16259
16285
16310
16335
16360
16385
16410
16436
16461
16486
16511
16536
16562
16587
16612
16637
16662
16687
16713
16738
16763
16788
16813
16839
16864
16889
16914
16939
16964
16990
17015
17040
17065
17090
17116
17141
17166
17191
17216
17241
17267
17292
17317
17342
17367
17392
17418
17443
17468
17493
17518
17544
17569
17594
17619
17644
17669
17695
17720
17745
17770
17795
17821
17846
17871
17896
17921
17946
17972
17997
18022
18047
18072
18098
18123
18148
18173
18198
18223
18249
18274
18299
18324
18349
18375
18400
18425
18450
18475
18500
18526
18551
18576
18601
18626
18652
18677
18702
18727
18752
18777
18803
18828
18853
18878
18903
18928
18954
18979
19004
19029
19054
19080
19105
19130
19155
19185
19214
19243
19272
19301
19330
19359
19388
19417
19445
19474
19503
19532
19561
19590
19619
19648
19677
19705
19734
19763
19792
19821
19850
19879
19908
19937
19965
19994
20023
20052
20081
20110
20139
20168
20197
20225
20254
20283
20312
20341
20370
20399
20428
20457
20485
20514
20543
20572
20601
20630
20659
20688
20717
20746
20774
20803
20832
20861
20890
20919
20948
20977
21006
21034
21063
21092
21121
21150
21179
21208
21237
21266
21294
21323
21352
21381
21410
21439
21468
21497
21526
21554
21583
21612
21641
21670
21699
21728
21757
21786
21814
21843
21872
21901
21930
21959
21988
22017
22046
22075
22103
22132
22161
22190
22219
22268
22288
22308
22328
22348
22368
22388
22408
22428
22448
22468
22488
22508
22528
22548
22568
22589
22609
22629
22649
22669
22689
22709
22729
22749
22769
22789
22809
22829
22849
22869
22889
22910
22930
22950
22970
22990
23010
23030
23050
23070
23090
23110
23130
23150
23170
23190
23210
23230
23251
23271
23291
23311
23331
23351
23371
23391
23411
23431
23451
23471
23491
23511
23531
23551
23572
23592
23612
23632
23652
23672
23692
23712
23732
23752
23772
23792
23812
23832
23852
23872
23892
23913
23933
23953
23973
23993
24013
24033
24053
24073
24093
24113
24133
24153
24173
24193
24213
24234
24254
24274
24294
24314
24334
24354
24374
24394
24414
24434
24454
24474
24494
24514
24534
24554
24575
24595
24615
24635
24655
24675
24695
24715
24735
24755
24775
24795
24815
24854
24881
24908
24935
24962
24989
25015
25042
25069
25096
25123
25150
25177
25203
25230
25257
25284
25311
25338
25365
25391
25418
25445
25472
25499
25526
25552
25579
25606
25633
25660
25687
25714
25740
25767
25794
25821
25848
25875
25902
25928
25955
25982
26009
26036
26063
26090
26116
26143
26170
26197
26224
26251
26277
26304
26331
26358
26385
26412
26439
26465
26492
26519
26546
26573
26600
26627
26653
26680
26707
26734
26761
26788
26814
26841
26868
26895
26922
26949
26976
27002
27029
27056
27083
27110
27137
27164
27190
27217
27244
27271
27298
27325
27352
27378
27405
27432
27459
27486
27513
27539
27566
27593
27620
27647
27674
27701
27727
27754
27781
27808
27835
27862
27927
27976
28025
28074
28123
28172
28221
28270
28319
28368
28417
28466
28515
28564
28613
28662
28711
28760
28809
28858
28907
28956
29005
29054
29103
29152
29201
29250
29299
29348
29397
29446
29495
29544
29593
29642
29691
29740
29789
29838
29887
29936
29985
30034
30083
30132
30181
30230
30279
30328
30377
30426
30475
30525
30574
30623
30672
30721
30770
30819
30868
30917
30966
31015
31064
31113
31162
31211
31260
31309
31358
31407
31456
31505
31554
31603
31652
31701
31750
31799
31848
31897
31946
31995
32044
32093
32142
32191
32240
32289
32338
32387
32436
32485
32534
32583
32632
32681
32730
32779
32828
32877
32926
32975
33024
33073
33122
33172
33221
33270
33319
33368
33417
33466
33515
33564
33613
33662
33711
33760
33809
33858
33896
33934
33972
34010
34048
34086
34124
34162
34200
34238
34276
34314
34352
34390
34428
34466
34504
34542
34580
34618
34656
34694
34732
34770
34808
34846
34884
34922
34960
34998
35036
35074
35111
35149
35187
35225
35263
35301
35339
35377
35415
35453
35491
35529
35567
35605
35643
35681
35719
35757
35795
35833
35871
35909
35947
35985
36023
36061
36099
36137
36175
36213
36251
36289
36327
36364
36402
36440
36478
36516
36554
36592
36630
36668
36706
36744
36782
36820
36858
36896
36934
36972
37010
37048
37086
37124
37162
37200
37238
37276
37314
37352
37390
37428
37471
37503
37534
37566
37597
37629
37661
37692
37724
37755
37787
37818
37850
37882
37913
37945
37976
38008
38039
38071
38103
38134
38166
38197
38229
38260
38292
38324
38355
38387
38418
38450
38481
38513
38545
38576
38608
38639
38671
38702
38734
38766
38797
38829
38860
38892
38923
38955
38987
39018
39050
39081
39113
39144
39176
39208
39239
39271
39302
39334
39366
39397
39429
39460
39492
39523
39555
39587
39618
39650
39681
39713
39744
39776
39808
39839
39871
39902
39934
39965
39997
40029
40060
40092
40123
40155
40186
40218
40250
40281
40313
40344
40376
40407
40439
40471
40502
40534
40565
40597
40628
40660
40692
40723
40755
40786
40818
40849
40881
40913
40944
40976
41007
41039
41071
41102
41134
41165
41197
41228
41260
41292
41323
41355
41386
41418
41449
41481
41513
41544
41576
41607
41639
41670
41702
41747
41775
41802
41830
41857
41885
41912
41940
41967
41995
42022
42050
42077
42105
42132
42160
42187
42215
42242
42270
42297
42325
42352
42380
42407
42435
42462
42490
42517
42545
42572
42600
42627
42655
42682
42710
42737
42765
42792
42820
42847
42875
42902
42930
42957
42985
43012
43040
43067
43095
43122
43150
43177
43205
43232
43260
43287
43315
43342
43370
43397
43425
43452
43480
43507
43535
43562
43590
43617
43645
43672
43700
43727
43755
43782
43810
43837
43865
43892
43920
43952
43975
43998
44021
44044
44067
44090
44113
44136
44158
44181
44204
44227
44250
44273
44296
44319
44342
44365
44387
44410
44433
44456
44479
44502
44525
44548
44571
44594
44616
44639
44662
44685
44708
44731
44754
44777
44800
44823
44845
44868
44891
44914
44937
44960
44983
45006
45029
45052
45074
45097
45120
45143
45166
45189
45212
45235
45258
45281
45303
45326
45349
45372
45395
45418
45441
45464
45487
45510
45532
45555
45578
45601
45624
45647
45670
45693
45716
45738
45761
45784
45807
45830
45853
45876
45899
45922
45945
45967
45990
46013
46036
46059
46082
46105
46128
46151
46174
46196
46219
46242
46265
46288
46337
46363
46390
46416
46442
46469
46495
46521
46548
46574
46600
46627
46653
46680
46706
46732
46759
46785
46811
46838
46864
46890
46917
46943
46970
46996
47022
47049
47075
47101
47128
47154
47180
47207
47233
47259
47286
47312
47339
47365
47391
47418
47444
47470
47497
47523
47549
47576
47602
47629
47655
47681
47708
47734
47760
47787
47813
47839
47866
47892
47918
47945
47971
47998
48024
48050
48077
48103
48129
48156
48182
48208
48235
48261
48288
48314
48340
48367
48393
48419
48446
48472
48498
48525
48551
48577
48604
48630
48657
48683
48709
48736
48762
48788
48815
48841
48867
48894
48920
48947
48973
48999
49026
49052
49078
49105
49131
49157
49184
49210
49236
49263
49289
49316
49342
49368
49395
49421
49447
49474
49500
49526
49553
49579
49606
49638
49665
49693
49720
49748
49775
49802
49830
49857
49885
49912
49940
49967
49994
50022
50049
50077
50104
50132
50159
50186
50214
50241
50269
50296
50324
50351
50378
50406
50433
50461
50488
50516
50543
50570
50598
50625
50653
50680
50708
50735
50762
50790
50817
50845
50872
50900
50927
50954
50982
51009
51037
51064
51092
51119
51146
51174
51201
51229
51256
51284
51311
51338
51366
51393
51421
51448
51476
51503
51530
51558
51585
51613
51640
51668
51695
51722
51750
51777
51805
51832
51860
51887
51914
51942
51969
51997
52024
52052
52079
52106
52134
52161
52189
52216
52244
52271
52298
52326
52353
52381
52408
52436
52463
52490
52518
52545
52573
52600
52628
52655
52682
52710
52737
52765
52792
52820
52847
52874
52902
52929
52957
52984
53012
53039
53066
53094
53121
53149
53176
53204
53231
53258
53286
53313
53341
53368
53396
53435
53470
53504
53539
53574
53608
53643
53677
53712
53747
53781
53816
53850
53885
53920
53954
53989
54023
54058
54093
54127
54162
54196
54231
54266
54300
54335
54370
54404
54439
54473
54508
54543
54577
54612
54646
54681
54716
54750
54785
54819
54854
54889
54923
54958
54992
55027
55062
55096
55131
55165
55200
55235
55269
55304
55339
55373
55408
55442
55477
55512
55546
55581
55615
55650
55685
55719
55754
55788
55823
55858
55892
55927
55961
55996
56031
56065
56100
56135
56169
56204
56238
56273
56308
56342
56377
56411
56446
56481
56515
56550
56584
56619
56654
56688
56723
56757
56792
56827
56861
56896
56930
56965
57000
57034
57069
57104
57138
57173
57207
57242
57277
57311
57346
57380
57415
57450
57484
57519
57553
57588
57623
57655
57687
57718
57750
57782
57814
57845
57877
57909
57940
57972
58004
58036
58067
58099
58131
58162
58194
58226
58258
58289
58321
58353
58384
58416
58448
58480
58511
58543
58575
58607
58638
58670
58702
58733
58765
58797
58829
58860
58892
58924
58955
58987
59019
59051
59082
59114
59146
59177
59209
59241
59273
59304
59336
59368
59400
59431
59463
59495
59526
59558
59590
59622
59653
59685
59717
59748
59780
59812
59844
59875
59907
59939
59970
60002
60034
60066
60097
60129
60161
60193
60224
60256
60288
60319
60351
60383
60415
60446
60478
60510
60541
60573
60605
60637
60668
60700
60732
60763
60795
60827
60859
60890
60922
60954
60985
61017
61049
61081
61112
61144
61176
61208
61239
61271
61303
61334
61366
61398
61430
61456
61481
61506
61531
61555
61580
61605
61630
61654
61679
61704
61729
61754
61778
61803
61828
61853
61877
61902
61927
61952
61976
62001
62026
62051
62076
62100
62125
62150
62175
62199
62224
62249
62274
62298
62323
62348
62373
62398
62422
62447
62472
62497
62521
62546
62571
62596
62620
62645
62670
62695
62720
62744
62769
62794
62819
62843
62868
62893
62918
62942
62967
62992
63017
63042
63066
63091
63116
63141
63165
63190
63215
63240
63264
63289
63314
63339
63377
63401
63425
63449
63473
63497
63521
63545
63569
63593
63617
63641
63665
63689
63713
63737
63761
63785
63809
63833
63857
63881
63905
63929
63953
63977
64001
64025
64049
64073
64097
64121
64145
64169
64193
64217
64241
64265
64289
64313
64337
64361
64385
64409
64433
64457
64481
64505
64529
64553
64577
64601
64625
64649
64673
64697
64721
64745
64769
64793
64817
64841
64865
64889
64913
64937
64961
64985
65009
65033
65057
65081
65105
65129
65153
65177
65201
65225
65249
65273
65297
65321
65345
65369
65393
65417
65441
65465
65489
65513
65537
65561
65585
65609
65633
65657
65681
65705
65729
65753
65777
65801
65825
65849
65873
65897
65921
65945
65969
65993
66017
66041
66065
66089
66113
66137
66161
66185
66209
66233
66257
66281
66305
66329
66353
66377
66401
66425
66449
66473
66497
66521
66545
66569
66593
66617
66641
66665
66689
66713
66740
66767
66793
66820
66846
66873
66899
66926
66952
66979
67005
67032
67058
67085
67111
67138
67164
67191
67218
67244
67271
67297
67324
67350
67377
67403
67430
67456
67483
67509
67536
67562
67589
67615
67642
67668
67695
67722
67748
67775
67801
67828
67854
67881
67907
67934
67960
67987
68013
68040
68066
68093
68119
68146
68172
68199
68226
68252
68279
68305
68332
68358
68385
68411
68438
68464
68491
68517
68544
68570
68597
68623
68650
68676
68703
68730
68756
68783
68809
68836
68862
68889
68915
68942
68968
68995
69021
69048
69074
69101
69127
69154
69180
69207
69234
69260
69287
69313
69340
69366
69393
69419
69446
69472
69499
69525
69552
69578
69605
69631
69658
69684
69711
69738
69764
69791
69817
69844
69870
69897
69923
69950
69976
70003
70029
70056
70082
70109
70135
70162
70188
70215
70242
70268
70295
70329
70354
70379
70404
70430
70455
70480
70505
70531
70556
70581
70606
70631
70657
70682
70707
70732
70758
70783
70808
70833
70858
70884
70909
70934
70959
70985
71010
71035
71060
71085
71111
71136
71161
71186
71212
71237
71262
71287
71312
71338
71363
71388
71413
71439
71464
71489
71514
71539
71565
71590
71615
71640
71666
71691
71716
71741
71766
71792
71817
71842
71867
71893
71918
71943
71968
71993
72019
72044
72069
72094
72120
72145
72170
72195
72220
72246
72271
72296
72321
72347
72372
72397
72422
72447
72473
72498
72523
72548
72574
72599
72624
72649
72674
72700
72725
72750
72775
72801
72826
72851
72876
72901
72927
72952
72977
73002
73028
73053
73078
73103
73150
73186
73222
73258
73294
73330
73366
73402
73438
73474
73510
73546
73582
73618
73654
73690
73726
73762
73798
73834
73870
73906
73942
73978
74014
74050
74086
74122
74158
74194
74230
74266
74302
74338
74374
74410
74446
74482
74518
74554
74590
74626
74662
74698
74735
74771
74807
74843
74879
74915
74951
74987
75023
75059
75095
75131
75167
75203
75239
75275
75311
75347
75383
75419
75455
75491
75527
75563
75599
75635
75671
75707
75743
75779
75815
75851
75887
75923
75959
75995
76031
76067
76103
76139
76175
76211
76247
76283
76319
76356
76392
76428
76464
76500
76536
76572
76608
76644
76680
76716
76752
76788
76824
76860
76914
76965
77016
77067
77118
77169
77220
77271
77322
77373
77424
77475
77526
77577
77628
77679
77730
77781
77832
77883
77934
77985
78036
78087
78138
78189
78240
78291
78342
78393
78444
78495
78545
78596
78647
78698
78749
78800
78851
78902
78953
79004
79055
79106
79157
79208
79259
79310
79361
79412
79463
79514
79565
79616
79667
79718
79769
79820
79871
79922
79973
80024
80075
80126
80177
80227
80278
80329
80380
80431
80482
80533
80584
80635
80686
80737
80788
80839
80890
80941
80992
81043
81094
81145
81196
81247
81298
81349
81400
81451
81502
81553
81604
81655
81706
81757
81808
81859
81909
81960
82011
82062
82113
82164
82215
82266
82317
82368
82419
82470
82521
82572
82623
82674
82725
82776
82827
82878
82929
82980
83031
83082
83133
83177
83190
83203
83216
83229
83242
83255
83268
83281
83294
83307
83320
83333
83346
83359
83372
83385
83398
83411
83424
83437
83450
83463
83476
83489
83502
83515
83528
83541
83554
83567
83580
83593
83606
83619
83632
83645
83658
83671
83684
83697
83710
83723
83736
83749
83762
83775
83788
83801
83814
83827
83840
83853
83866
83879
83892
83905
83918
83931
83944
83957
83970
83983
83996
84009
84022
84035
84048
84061
84074
84087
84100
84113
84126
84139
84152
84165
84178
84191
84204
84217
84230
84243
84256
84270
84283
84296
84309
84322
84335
84348
84361
84374
84387
84400
84413
84426
84439
84452
84465
84478
84491
84504
84517
84530
84543
84556
84569
84582
84595
84608
84621
84634
84647
84660
84673
84686
84699
84712
84725
84738
84751
84764
84777
84790
84803
84816
84829
84842
84855
84876
84888
84900
84911
84923
84935
84947
84958
84970
84982
84993
85005
85017
85029
85040
85052
85064
85075
85087
85099
85111
85122
85134
85146
85157
85169
85181
85193
85204
85216
85228
85239
85251
85263
85275
85286
85298
85310
85321
85333
85345
85357
85368
85380
85392
85403
85415
85427
85439
85450
85462
85474
85485
85497
85509
85521
85532
85544
85556
85567
85579
85591
85603
85614
85626
85638
85649
85661
85673
85685
85696
85708
85720
85731
85743
85755
85767
85778
85790
85802
85813
85825
85837
85849
85860
85872
85884
85895
85907
85919
85931
85942
85954
85966
85977
85989
86001
86013
86024
86036
86048
86059
86071
86083
86095
86106
86118
86130
86141
86153
86165
86177
86188
86200
86212
86223
86235
86247
86259
86270
86282
86294
86305
86317
86329
86341
86352
86364
86376
86387
86399
86411
86423
86434
86446
86458
86469
86481
86493
86505
86516
86528
86540
86551
86563
86575
86587
86598
86618
86631
86643
86656
86668
86681
86693
86706
86718
86731
86743
86756
86768
86781
86793
86806
86818
86831
86843
86856
86868
86881
86893
86906
86918
86931
86943
86956
86969
86981
86994
87006
87019
87031
87044
87056
87069
87081
87094
87106
87119
87131
87144
87156
87169
87181
87194
87206
87219
87231
87244
87256
87269
87281
87294
87307
87319
87332
87344
87357
87369
87382
87394
87407
87419
87432
87444
87457
87469
87482
87494
87507
87519
87532
87544
87557
87569
87582
87594
87607
87619
87632
87645
87657
87670
87682
87695
87707
87720
87732
87745
87757
87770
87782
87795
87807
87820
87832
87845
87857
87870
87882
87895
87907
87920
87932
87945
87957
87970
87983
87995
88008
88020
88033
88045
88058
88070
88083
88095
88108
88120
88133
88150
88164
88178
88192
88206
88220
88235
88249
88263
88277
88291
88305
88319
88334
88348
88362
88376
88390
88404
88419
88433
88447
88461
88475
88489
88503
88518
88532
88546
88560
88574
88588
88602
88617
88631
88645
88659
88673
88687
88702
88716
88730
88744
88758
88772
88786
88801
88815
88829
88843
88857
88871
88886
88900
88914
88928
88942
88956
88970
88985
88999
89013
89027
89041
89055
89069
89084
89098
89112
89126
89140
89154
89169
89183
89197
89211
89225
89239
89253
89268
89282
89296
89310
89324
89338
89353
89367
89381
89395
89409
89423
89437
89452
89466
89480
89494
89508
89522
89536
89551
89565
89579
89593
89607
89621
89636
89650
89664
89678
89692
89706
89720
89735
89749
89763
89777
89791
89805
89820
89834
89858
89869
89880
89892
89903
89914
89926
89937
89948
89960
89971
89982
89994
90005
90016
90028
90039
90050
90062
90073
90084
90096
90107
90118
90130
90141
90152
90164
90175
90186
90198
90209
90220
90232
90243
90254
90266
90277
90288
90300
90311
90322
90334
90345
90356
90368
90379
90390
90402
90413
90424
90436
90447
90458
90470
90481
90492
90504
90515
90526
90538
90549
90560
90572
90583
90594
90606
90617
90628
90639
90651
90662
90673
90685
90696
90707
90719
90730
90741
90753
90764
90775
90787
90798
90809
90821
90832
90843
90855
90866
90877
90889
90900
90911
90923
90934
90945
90957
90968
90979
90991
91002
91013
91025
91036
91047
91059
91070
91081
91093
91104
91115
91127
91138
91149
91161
91172
91183
91195
91206
91217
91229
91240
91251
91263
91274
91285
91297
91318
91329
91340
91351
91362
91373
91384
91395
91406
91417
91428
91439
91450
91461
91472
91483
91494
91505
91516
91527
91538
91549
91560
91571
91582
91593
91604
91615
91626
91637
91648
91659
91670
91681
91692
91703
91714
91725
91736
91747
91758
91769
91780
91790
91801
91812
91823
91834
91845
91856
91867
91878
91889
91900
91911
91922
91933
91944
91955
91966
91977
91988
91999
92010
92021
92032
92043
92054
92065
92076
92087
92098
92109
92120
92131
92142
92153
92164
92175
92186
92197
92208
92219
92230
92241
92252
92262
92273
92284
92295
92306
92317
92328
92339
92350
92361
92372
92383
92394
92405
92416
92427
92438
92449
92460
92471
92482
92493
92504
92515
92526
92537
92548
92559
92570
92581
92592
92603
92614
92625
92636
92647
92658
92669
92680
92711
92735
92759
92782
92806
92830
92853
92877
92901
92924
92948
92972
92995
93019
93043
93066
93090
93114
93137
93161
93185
93208
93232
93256
93279
93303
93327
93350
93374
93398
93421
93445
93469
93492
93516
93540
93563
93587
93611
93635
93658
93682
93706
93729
93753
93777
93800
93824
93848
93871
93895
93919
93942
93966
93990
94013
94037
94061
94084
94108
94132
94155
94179
94203
94226
94250
94274
94297
94321
94345
94368
94392
94416
94439
94463
94487
94511
94534
94558
94582
94605
94629
94653
94676
94700
94724
94747
94771
94795
94818
94842
94866
94889
94913
94937
94960
94984
95008
95031
95055
95079
95102
95126
95150
95173
95197
95221
95244
95268
95292
95315
95339
95363
95387
95410
95434
95458
95481
95505
95529
95552
95576
95600
95623
95647
95671
95699
95710
95721
95733
95744
95755
95767
95778
95789
95801
95812
95823
95835
95846
95857
95869
95880
95891
95903
95914
95925
95937
95948
95959
95971
95982
95993
96005
96016
96027
96039
96050
96061
96073
96084
96095
96107
96118
96129
96141
96152
96163
96175
96186
96197
96209
96220
96231
96243
96254
96265
96277
96288
96299
96311
96322
96333
96345
96356
96367
96379
96390
96401
96413
96424
96435
96447
96458
96469
96481
96492
96503
96515
96526
96537
96549
96560
96571
96582
96594
96605
96616
96628
96639
96650
96662
96673
96684
96696
96707
96718
96730
96741
96752
96764
96775
96786
96798
96809
96820
96832
96843
96854
96866
96877
96888
96900
96911
96922
96934
96945
96956
96979
96999
97019
97040
97060
97080
97100
97121
97141
97161
97182
97202
97222
97242
97263
97283
97303
97323
97344
97364
97384
97405
97425
97445
97465
97486
97506
97526
97546
97567
97587
97607
97628
97648
97668
97688
97709
97729
97749
97770
97790
97810
97830
97851
97871
97891
97911
97932
97952
97972
97993
98013
98033
98053
98074
98094
98114
98134
98155
98175
98195
98216
98236
98256
98276
98297
98317
98337
98358
98378
98398
98418
98439
98459
98479
98499
98520
98540
98560
98581
98601
98621
98641
98662
98682
98702
98722
98743
98763
98783
98804
98824
98844
98864
98885
98905
98925
98946
98966
98986
99006
99027
99047
99067
99087
99108
99128
99148
99169
99189
99209
99229
99250
99270
99290
99310
99331
99351
99371
99392
99412
99432
99452
99473
99493
99513
99534
99554
99574
99594
99615
99635
99655
99675
99696
99716
99736
99757
99777
99797
99817
99838
99872
99895
99919
99942
99965
99989
100012
100035
100059
100082
100105
100129
100152
100175
100199
100222
100245
100269
100292
100315
100339
100362
100385
100409
100432
100455
100479
100502
100525
100549
100572
100595
100619
100642
100665
100689
100712
100735
100759
100782
100805
100829
100852
100875
100899
100922
100945
100969
100992
101015
101039
101062
101085
101109
101132
101155
101179
101202
101225
101249
101272
101295
101319
101342
101365
101389
101412
101435
101459
101482
101505
101529
101552
101575
101599
101622
101645
101669
101692
101715
101739
101762
101785
101809
101832
101855
101879
101902
101925
101949
101972
101995
102019
102042
102065
102089
102112
102135
102159
102182
102205
102229
102252
102275
102299
102322
102345
102369
102392
102415
102439
102462
102485
102509
102532
102555
102579
102602
102625
102649
102672
102699
102709
102719
102730
102740
102750
102760
102771
102781
102791
102801
102812
102822
102832
102842
102853
102863
102873
102883
102894
102904
102914
102924
102935
102945
102955
102965
102976
102986
102996
103007
103017
103027
103037
103048
103058
103068
103078
103089
103099
103109
103119
103130
103140
103150
103160
103171
103181
103191
103201
103212
103222
103232
103242
103253
103263
103273
103283
103294
103304
103314
103325
103335
103345
103355
103366
103376
103386
103396
103407
103417
103427
103437
103448
103458
103468
103478
103489
103499
103509
103519
103530
103540
103550
103560
103571
103581
103591
103602
103612
103622
103632
103643
103653
103663
103673
103684
103694
103704
103714
103725
103735
103745
103755
103766
103776
103786
103796
103807
103817
103827
103837
103848
103858
103868
103878
103889
103899
103909
103920
103930
103940
103950
103961
103971
103981
103991
104002
104012
104031
104042
104053
104064
104076
104087
104098
104109
104120
104132
104143
104154
104165
104176
104188
104199
104210
104221
104232
104244
104255
104266
104277
104289
104300
104311
104322
104333
104345
104356
104367
104378
104389
104401
104412
104423
104434
104445
104457
104468
104479
104490
104501
104513
104524
104535
104546
104558
104569
104580
104591
104602
104614
104625
104636
104647
104658
104670
104681
104692
104703
104714
104726
104737
104748
104759
104770
104782
104793
104804
104815
104827
104838
104849
104860
104871
104883
104894
104905
104916
104927
104939
104950
104961
104972
104983
104995
105006
105017
105028
105040
105051
105062
105073
105084
105096
105107
105118
105129
105140
105152
105163
105174
105185
105196
105208
105219
105230
105241
105252
105264
105275
105286
105297
105309
105320
105331
105342
105353
105365
105376
105387
105398
105410
105420
105430
105440
105450
105460
105470
105480
105490
105500
105510
105520
105530
105540
105550
105560
105570
105580
105590
105600
105610
105620
105630
105640
105650
105660
105670
105680
105690
105700
105710
105720
105730
105740
105750
105760
105770
105780
105790
105800
105810
105820
105830
105840
105850
105860
105870
105880
105890
105900
105910
105920
105930
105940
105950
105960
105970
105980
105990
106000
106010
106020
106030
106040
106050
106060
106070
106080
106090
106100
106110
106120
106130
106140
106150
106160
106170
106180
106190
106200
106210
106220
106230
106240
106250
106260
106270
106280
106290
106300
106310
106320
106330
106340
106350
106360
106370
106380
106390
106400
106410
106420
106430
106440
106450
106460
106470
106480
106490
106500
106510
106520
106530
106540
106550
106560
106570
106580
106590
106600
106610
106620
106630
106640
106659
106668
106678
106687
106696
106706
106715
106724
106734
106743
106752
106762
106771
106781
106790
106799
106809
106818
106827
106837
106846
106855
106865
106874
106883
106893
106902
106912
106921
106930
106940
106949
106958
106968
106977
106986
106996
107005
107014
107024
107033
107043
107052
107061
107071
107080
107089
107099
107108
107117
107127
107136
107145
107155
107164
107174
107183
107192
107202
107211
107220
107230
107239
107248
107258
107267
107276
107286
107295
107305
107314
107323
107333
107342
107351
107361
107370
107379
107389
107398
107407
107417
107426
107436
107445
107454
107464
107473
107482
107492
107501
107510
107520
107529
107538
107548
107557
107567
107576
107585
107595
107604
107613
107623
107632
107641
107651
107660
107669
107679
107688
107698
107707
107716
107726
107735
107744
107754
107763
107772
107782
107791
107800
107810
107819
107829
107838
107847
107857
107866
107875
107885
107894
107903
107913
107928
107937
107945
107954
107963
107971
107980
107989
107997
108006
108014
108023
108032
108040
108049
108058
108066
108075
108084
108092
108101
108109
108118
108127
108135
108144
108153
108161
108170
108178
108187
108196
108204
108213
108222
108230
108239
108248
108256
108265
108273
108282
108291
108299
108308
108317
108325
108334
108342
108351
108360
108368
108377
108386
108394
108403
108412
108420
108429
108437
108446
108455
108463
108472
108481
108489
108498
108506
108515
108524
108532
108541
108550
108558
108567
108576
108584
108593
108601
108610
108619
108627
108636
108645
108653
108662
108670
108679
108688
108696
108705
108714
108722
108731
108740
108748
108757
108765
108774
108783
108791
108800
108809
108817
108826
108834
108843
108852
108860
108869
108878
108886
108895
108904
108912
108921
108929
108938
108947
108955
108964
108973
108981
108990
108998
109007
109019
109028
109037
109046
109055
109063
109072
109081
109090
109099
109107
109116
109125
109134
109143
109152
109160
109169
109178
109187
109196
109204
109213
109222
109231
109240
109249
109257
109266
109275
109284
109293
109301
109310
109319
109328
109337
109345
109354
109363
109372
109381
109390
109398
109407
109416
109425
109434
109442
109451
109460
109469
109478
109487
109495
109504
109513
109522
109531
109539
109548
109557
109566
109575
109583
109592
109601
109610
109619
109628
109636
109645
109654
109663
109672
109680
109689
109698
109707
109716
109725
109733
109742
109751
109760
109769
109777
109786
109795
109804
109813
109822
109830
109839
109848
109857
109866
109874
109883
109892
109901
109910
109918
109927
109936
109945
109954
109963
109971
109980
109989
109998
110007
110015
110024
110033
110042
110051
110060
110073
110086
110098
110111
110123
110136
110149
110161
110174
110186
110199
110212
110224
110237
110249
110262
110274
110287
110300
110312
110325
110337
110350
110363
110375
110388
110400
110413
110425
110438
110451
110463
110476
110488
110501
110514
110526
110539
110551
110564
110576
110589
110602
110614
110627
110639
110652
110665
110677
110690
110702
110715
110728
110740
110753
110765
110778
110790
110803
110816
110828
110841
110853
110866
110879
110891
110904
110916
110929
110941
110954
110967
110979
110992
111004
111017
111030
111042
111055
111067
111080
111092
111105
111118
111130
111143
111155
111168
111181
111193
111206
111218
111231
111243
111256
111269
111281
111294
111306
111319
111332
111344
111357
111369
111382
111395
111407
111420
111432
111445
111457
111470
111483
111495
111508
111520
111533
111546
111558
111571
111583
111596
111608
111621
111634
111646
111659
111671
111693
111705
111717
111729
111742
111754
111766
111778
111790
111803
111815
111827
111839
111851
111864
111876
111888
111900
111912
111925
111937
111949
111961
111973
111986
111998
112010
112022
112035
112047
112059
112071
112083
112096
112108
112120
112132
112144
112157
112169
112181
112193
112205
112218
112230
112242
112254
112266
112279
112291
112303
112315
112328
112340
112352
112364
112376
112389
112401
112413
112425
112437
112450
112462
112474
112486
112498
112511
112523
112535
112547
112559
112572
112584
112596
112608
112621
112633
112645
112657
112669
112682
112694
112706
112718
112730
112743
112755
112767
112779
112791
112804
112816
112828
112840
112852
112865
112877
112889
112901
112913
112926
112938
112950
112962
112975
112987
112999
113011
113023
113036
113048
113060
113072
113084
113097
113109
113121
113133
113145
113158
113170
113182
113194
113206
113219
113231
113243
113255
113268
113280
113307
113322
113337
113352
113368
113383
113398
113413
113428
113444
113459
113474
113489
113505
113520
113535
113550
113565
113581
113596
113611
113626
113642
113657
113672
113687
113702
113718
113733
113748
113763
113779
113794
113809
113824
113839
113855
113870
113885
113900
113916
113931
113946
113961
113976
113992
114007
114022
114037
114053
114068
114083
114098
114113
114129
114144
114159
114174
114190
114205
114220
114235
114250
114266
114281
114296
114311
114327
114342
114357
114372
114387
114403
114418
114433
114448
114464
114479
114494
114509
114524
114540
114555
114570
114585
114600
114616
114631
114646
114661
114677
114692
114707
114722
114737
114753
114768
114783
114798
114814
114829
114844
114859
114874
114890
114905
114920
114935
114951
114966
114981
114996
115011
115027
115042
115065
115078
115092
115105
115119
115132
115145
115159
115172
115186
115199
115212
115226
115239
115253
115266
115279
115293
115306
115320
115333
115346
115360
115373
115387
115400
115413
115427
115440
115454
115467
115480
115494
115507
115521
115534
115547
115561
115574
115588
115601
115614
115628
115641
115655
115668
115681
115695
115708
115722
115735
115748
115762
115775
115789
115802
115815
115829
115842
115856
115869
115882
115896
115909
115923
115936
115949
115963
115976
115990
116003
116016
116030
116043
116057
116070
116083
116097
116110
116124
116137
116150
116164
116177
116191
116204
116217
116231
116244
116258
116271
116284
116298
116311
116325
116338
116351
116365
116378
116392
116405
116419
116432
116445
116459
116472
116486
116499
116512
116526
116539
116553
116566
116579
116593
116606
116620
116633
116646
116660
116673
116707
116733
116758
116784
116810
116835
116861
116887
116912
116938
116964
116989
117015
117041
117066
117092
117117
117143
117169
117194
117220
117246
117271
117297
117323
117348
117374
117400
117425
117451
117477
117502
117528
117553
117579
117605
117630
117656
117682
117707
117733
117759
117784
117810
117836
117861
117887
117912
117938
117964
117989
118015
118041
118066
118092
118118
118143
118169
118195
118220
118246
118272
118297
118323
118348
118374
118400
118425
118451
118477
118502
118528
118554
118579
118605
118631
118656
118682
118708
118733
118759
118784
118810
118836
118861
118887
118913
118938
118964
118990
119015
119041
119067
119092
119118
119143
119169
119195
119220
119246
119272
119297
119323
119349
119374
119400
119426
119451
119477
119503
119528
119554
119579
119605
119631
119656
119682
119708
119733
119779
119816
119852
119889
119925
119962
119998
120035
120071
120108
120144
120181
120217
120254
120290
120327
120363
120400
120436
120473
120509
120546
120582
120619
120655
120692
120729
120765
120802
120838
120875
120911
120948
120984
121021
121057
121094
121130
121167
121203
121240
121276
121313
121349
121386
121422
121459
121495
121532
121568
121605
121642
121678
121715
121751
121788
121824
121861
121897
121934
121970
122007
122043
122080
122116
122153
122189
122226
122262
122299
122335
122372
122408
122445
122481
122518
122555
122591
122628
122664
122701
122737
122774
122810
122847
122883
122920
122956
122993
123029
123066
123102
123139
123175
123212
123248
123285
123321
123358
123394
123431
123468
123504
123541
123577
123614
123650
123687
123723
123760
123815
123837
123860
123882
123905
123927
123950
123972
123995
124017
124040
124062
124084
124107
124129
124152
124174
124197
124219
124242
124264
124287
124309
124331
124354
124376
124399
124421
124444
124466
124489
124511
124534
124556
124579
124601
124623
124646
124668
124691
124713
124736
124758
124781
124803
124826
124848
124870
124893
124915
124938
124960
124983
125005
125028
125050
125073
125095
125117
125140
125162
125185
125207
125230
125252
125275
125297
125320
125342
125365
125387
125409
125432
125454
125477
125499
125522
125544
125567
125589
125612
125634
125656
125679
125701
125724
125746
125769
125791
125814
125836
125859
125881
125904
125926
125948
125971
125993
126016
126038
126061
126083
126106
126128
126151
126173
126195
126218
126240
126263
126285
126308
126330
126353
126375
126398
126420
126442
126465
126487
126510
126532
126555
126577
126600
126622
126645
126667
126690
126712
126734
126757
126779
126802
126824
126847
126869
126892
126914
126947
126971
126995
127020
127044
127068
127092
127117
127141
127165
127189
127214
127238
127262
127286
127311
127335
127359
127383
127408
127432
127456
127480
127505
127529
127553
127577
127602
127626
127650
127674
127699
127723
127747
127771
127796
127820
127844
127869
127893
127917
127941
127966
127990
128014
128038
128063
128087
128111
128135
128160
128184
128208
128232
128257
128281
128305
128329
128354
128378
128402
128426
128451
128475
128499
128523
128548
128572
128596
128620
128645
128669
128693
128718
128742
128766
128790
128815
128839
128863
128887
128912
128936
128960
128984
129009
129033
129057
129081
129106
129130
129154
129178
129203
129227
129251
129275
129300
129324
129348
129372
129397
129421
129445
129469
129494
129518
129542
129567
129591
129615
129639
129664
129688
129712
129736
129761
129785
129809
129833
129858
129882
129904
129924
129944
129964
129984
130004
130024
130044
130064
130084
130104
130124
130144
130164
130184
130204
130224
130244
130264
130284
130304
130324
130344
130364
130384
130404
130424
130444
130464
130484
130504
130524
130544
130564
130584
130604
130624
130644
130664
130684
130704
130724
130744
130764
130784
130805
130825
130845
130865
130885
130905
130925
130945
130965
130985
131005
131025
131045
131065
131085
131105
131125
131145
131165
131185
131205
131225
131245
131265
131285
131305
131325
131345
131365
131385
131405
131425
131445
131465
131485
131505
131525
131545
131565
131585
131605
131625
131645
131665
131685
131706
131726
131746
131766
131786
131825
131845
131865
131885
131905
131925
131945
131965
131985
132005
132025
132045
132065
132085
132105
132125
132145
132165
132185
132205
132225
132245
132265
132285
132305
132325
132345
132365
132385
132405
132425
132445
132465
132485
132505
132525
132545
132565
132585
132605
132625
132645
132678
132691
132704
132717
132730
132744
132757
132770
132783
132796
132810
132823
132836
132849
132862
132875
132889
132902
132915
132928
132941
132955
132968
132981
132994
133007
133021
133034
133047
133060
133073
133086
133100
133113
133126
133139
133152
133166
133179
133192
133205
133218
133232
133245
133258
133271
133284
133297
133311
133324
133337
133350
133363
133377
133390
133403
133416
133429
133443
133456
133469
133482
133495
133508
133522
133535
133548
133561
133574
133588
133601
133614
133627
133640
133653
133667
133680
133693
133706
133719
133733
133746
133759
133772
133785
133799
133812
133825
133838
133851
133864
133878
133891
133904
133917
133930
133944
133957
133970
133983
133996
134010
134023
134036
134049
134062
134075
134089
134102
134115
134128
134141
134155
134168
134181
134194
134207
134221
134234
134247
134260
134273
134286
134300
134313
134326
134339
134352
134366
134379
134392
134405
134418
134432
134445
134458
134471
134484
134497
134511
134524
134537
134550
134563
134577
134590
134603
134616
134629
134642
134656
134669
134682
134695
134708
134722
134735
134748
134761
134774
134788
134801
134814
134827
134839
134851
134863
134874
134886
134898
134910
134922
134933
134945
134957
134969
134981
134992
135004
135016
135028
135040
135051
135063
135075
135087
135099
135110
135122
135134
135146
135157
135169
135181
135193
135205
135216
135228
135240
135252
135264
135275
135287
135299
135311
135323
135334
135346
135358
135370
135382
135393
135405
135417
135429
135440
135452
135464
135476
135488
135499
135511
135523
135535
135547
135558
135570
135582
135594
135606
135617
135629
135641
135653
135665
135676
135688
135700
135712
135723
135735
135747
135759
135771
135782
135794
135806
135818
135830
135841
135853
135865
135877
135889
135900
135912
135924
135936
135948
135959
135971
135983
135995
136006
136018
136030
136042
136054
136065
136077
136089
136101
136113
136124
136136
136148
136160
136172
136183
136195
136207
136219
136231
136242
136254
136266
136291
136306
136320
136335
136349
136364
136378
136393
136408
136422
136437
136451
136466
136480
136495
136509
136524
136539
136553
136568
136582
136597
136611
136626
136641
136655
136670
136684
136699
136713
136728
136742
136757
136772
136786
136801
136815
136830
136844
136859
136873
136888
136903
136917
136932
136946
136961
136975
136990
137005
137019
137034
137048
137063
137077
137092
137106
137121
137136
137150
137165
137179
137194
137208
137223
137237
137252
137267
137281
137296
137310
137325
137339
137354
137369
137383
137398
137412
137427
137441
137456
137470
137485
137500
137514
137529
137543
137558
137572
137587
137601
137616
137631
137645
137660
137674
137689
137703
137718
137733
137747
137762
137776
137791
137805
137820
137834
137849
137864
137878
137893
137907
137922
137936
137951
137965
137980
137995
138009
138024
138038
138053
138067
138082
138097
138111
138126
138140
138155
138165
138174
138183
138192
138200
138209
138218
138227
138236
138244
138253
138262
138271
138280
138288
138297
138306
138315
138324
138332
138341
138350
138359
138367
138376
138385
138394
138403
138411
138420
138429
138438
138447
138455
138464
138473
138482
138491
138499
138508
138517
138526
138535
138543
138552
138561
138570
138578
138587
138596
138605
138614
138626
138635
138644
138653
138662
138671
138680
138689
138698
138707
138716
138725
138734
138743
138752
138761
138770
138778
138787
138796
138805
138814
138823
138832
138841
138850
138859
138868
138877
138886
138895
138904
138913
138922
138931
138939
138948
138957
138966
138977
138986
138995
139003
139012
139021
139029
139038
139047
139055
139064
139073
139081
139090
139099
139107
139116
139125
139133
139142
139151
139159
139168
139177
139185
139194
139203
139212
139220
139229
139238
139246
139255
139264
139272
139281
139290
139298
139307
139316
139324
139333
139342
139350
139359
139368
139376
139385
139394
139402
139411
139420
139428
139437
139446
139455
139463
139472
139481
139489
139498
139507
139515
139524
139533
