0
26
50
74
99
123
147
172
196
220
245
269
293
317
342
366
390
415
439
463
488
512
536
561
585
609
633
658
682
706
731
755
779
804
828
852
877
901
925
949
974
998
1022
1047
1071
1095
1120
1144
1168
1193
1217
1241
1265
1290
1314
1338
1363
1387
1411
1436
1460
1484
1509
1533
1557
1581
1606
1630
1654
1679
1703
1727
1752
1776
1800
1825
1849
1873
1897
1922
1946
1970
1995
2019
2043
2068
2092
2116
2140
2165
2189
2213
2238
2262
2286
2311
2335
2359
2384
2408
2432
2456
2481
2505
2529
2554
2578
2602
2627
2651
2675
2700
2724
2748
2772
2797
2825
2849
2873
2897
2920
2944
2968
2992
3015
3039
3063
3087
3110
3134
3158
3182
3206
3229
3253
3277
3301
3324
3348
3372
3396
3419
3443
3467
3491
3514
3538
3562
3586
3610
3633
3657
3681
3705
3728
3752
3776
3800
3823
3847
3871
3895
3918
3942
3966
3990
4014
4037
4061
4085
4109
4132
4156
4180
4204
4227
4251
4275
4299
4323
4346
4370
4394
4418
4441
4465
4489
4513
4536
4560
4584
4608
4631
4655
4679
4703
4727
4750
4774
4798
4822
4845
4869
4893
4917
4940
4964
4988
5012
5035
5059
5083
5107
5131
5154
5178
5202
5226
5249
5273
5297
5321
5344
5368
5392
5416
5439
5463
5487
5511
5535
5558
5582
5606
5630
5653
5677
5701
5725
5748
5772
5796
5820
5844
5867
5891
5915
5939
5962
5986
6010
6034
6057
6081
6105
6129
6152
6176
6200
6224
6248
6271
6295
6319
6343
6366
6390
6414
6438
6461
6485
6509
6533
6574
6596
6618
6640
6662
6684
6706
6728
6749
6771
6793
6815
6837
6859
6881
6903
6925
6946
6968
6990
7012
7034
7056
7078
7100
7121
7143
7165
7187
7209
7231
7253
7275
7297
7318
7340
7362
7384
7406
7428
7450
7472
7493
7515
7537
7559
7581
7603
7625
7647
7669
7690
7712
7734
7756
7778
7800
7822
7844
7866
7887
7909
7931
7953
7975
7997
8019
8041
8062
8084
8106
8128
8150
8172
8194
8216
8238
8259
8281
8303
8325
8347
8369
8391
8413
8434
8456
8478
8500
8522
8544
8566
8588
8610
8631
8653
8667
8680
8693
8706
8719
8733
8746
8759
8772
8785
8798
8812
8825
8838
8851
8864
8878
8891
8904
8917
8930
8943
8957
8970
8983
8996
9009
9022
9036
9049
9062
9075
9088
9102
9115
9128
9141
9154
9167
9181
9194
9207
9220
9233
9247
9260
9273
9286
9299
9312
9326
9339
9352
9365
9378
9391
9405
9418
9431
9444
9457
9471
9484
9497
9510
9523
9536
9550
9563
9576
9589
9602
9615
9629
9642
9655
9668
9681
9695
9708
9721
9734
9747
9760
9774
9787
9800
9813
9826
9840
9853
9866
9879
9892
9905
9919
9932
9945
9958
9971
9984
9998
10011
10024
10037
10050
10064
10082
10089
10096
10103
10110
10117
10125
10132
10139
10146
10153
10160
10168
10175
10182
10189
10196
10203
10211
10218
10225
10232
10239
10246
10254
10261
10268
10275
10282
10289
10297
10304
10311
10318
10325
10332
10340
10347
10354
10361
10368
10375
10383
10390
10397
10404
10411
10418
10425
10433
10440
10447
10454
10461
10468
10476
10483
10490
10497
10504
10511
10519
10526
10533
10540
10547
10554
10562
10569
10576
10583
10590
10597
10605
10612
10619
10626
10633
10640
10648
10655
10662
10669
10676
10683
10691
10698
10705
10712
10719
10726
10734
10741
10748
10755
10762
10769
10776
10784
10791
10798
10805
10812
10819
10827
10834
10841
10848
10855
10862
10870
10877
10884
10891
10898
10905
10913
10920
10927
10934
10941
10948
10956
10963
10970
10977
10984
10991
10999
11006
11013
11020
11027
11034
11042
11049
11056
11063
11070
11077
11085
11092
11107
11119
11132
11144
11157
11169
11181
11194
11206
11219
11231
11244
11256
11268
11281
11293
11306
11318
11330
11343
11355
11368
11380
11393
11405
11417
11430
11442
11455
11467
11480
11492
11504
11517
11529
11542
11554
11566
11579
11591
11604
11616
11629
11641
11653
11666
11678
11691
11703
11715
11728
11740
11753
11765
11778
11790
11802
11815
11827
11840
11852
11865
11877
11889
11902
11914
11927
11939
11951
11964
11976
11989
12001
12014
12026
12038
12051
12063
12076
12088
12100
12113
12125
12138
12150
12163
12175
12187
12200
12212
12225
12237
12250
12262
12274
12287
12299
12312
12324
12336
12349
12361
12374
12386
12399
12411
12423
12436
12448
12461
12473
12486
12498
12510
12523
12535
12548
12560
12572
12585
12597
12610
12622
12635
12647
12659
12672
12684
12697
12709
12721
12734
12746
12759
12771
12784
12798
12811
12824
12838
12851
12864
12878
12891
12904
12918
12931
12944
12958
12971
12984
12998
13011
13024
13038
13051
13064
13078
13091
13104
13118
13131
13144
13158
13171
13184
13198
13211
13224
13238
13251
13264
13278
13291
13304
13318
13331
13344
13358
13371
13384
13398
13411
13424
13438
13451
13464
13478
13491
13504
13518
13531
13544
13558
13571
13584
13598
13611
13624
13638
13651
13664
13678
13691
13704
13718
13731
13744
13758
13771
13784
13798
13811
13824
13838
13851
13864
13878
13891
13904
13918
13931
13944
13958
13971
13984
13998
14011
14024
14038
14051
14064
14078
14091
14104
14118
14131
14144
14158
14171
14184
14198
14211
14224
14238
14251
14264
14278
14291
14304
14318
14331
14344
14358
14371
14384
14398
14411
14424
14438
14451
14464
14478
14491
14504
14518
14531
14544
14558
14571
14585
14594
14603
14613
14622
14631
14641
14650
14659
14668
14678
14687
14696
14706
14715
14724
14734
14743
14752
14761
14771
14780
14789
14799
14808
14817
14827
14836
14845
14854
14864
14873
14882
14892
14901
14910
14920
14929
14938
14947
14957
14966
14975
14985
14994
15003
15013
15022
15031
15040
15050
15059
15068
15078
15087
15096
15106
15115
15124
15133
15143
15152
15161
15171
15180
15189
15199
15208
15217
15226
15236
15245
15254
15264
15273
15282
15292
15301
15310
15319
15329
15338
15347
15357
15366
15375
15385
15394
15403
15412
15422
15431
15440
15450
15459
15468
15478
15487
15496
15505
15515
15524
15533
15543
15552
15561
15571
15580
15589
15598
15608
15625
15634
15644
15653
15663
15672
15681
15691
15700
15710
15719
15729
15738
15747
15757
15766
15776
15785
15795
15804
15813
15823
15832
15842
15851
15861
15870
15879
15889
15898
15908
15917
15927
15936
15945
15955
15964
15974
15983
15993
16002
16011
16021
16030
16040
16049
16058
16068
16077
16087
16096
16106
16115
16124
16134
16143
16153
16162
16172
16181
16190
16200
16209
16219
16228
16238
16247
16256
16266
16275
16285
16294
16304
16313
16322
16332
16341
16351
16360
16370
16379
16388
16398
16407
16417
16426
16435
16445
16454
16464
16473
16483
16492
16501
16511
16520
16530
16539
16549
16558
16567
16577
16586
16596
16605
16615
16624
16633
16643
16652
16662
16671
16681
16690
16699
16709
16718
16728
16737
16747
16756
16765
16775
16784
16794
16803
16813
16822
16831
16841
16850
16860
16869
16878
16888
16897
16907
16916
16926
16935
16944
16957
16968
16979
16991
17002
17013
17024
17036
17047
17058
17069
17081
17092
17103
17114
17126
17137
17148
17159
17171
17182
17193
17204
17216
17227
17238
17249
17261
17272
17283
17294
17306
17317
17328
17339
17351
17362
17373
17384
17396
17407
17418
17429
17441
17452
17463
17474
17486
17497
17508
17519
17531
17542
17553
17564
17576
17587
17598
17609
17621
17632
17643
17654
17666
17677
17688
17699
17711
17722
17733
17744
17756
17767
17778
17789
17801
17812
17823
17834
17846
17857
17868
17879
17891
17902
17913
17924
17936
17947
17958
17969
17981
17992
18003
18014
18026
18037
18048
18059
18071
18082
18093
18104
18116
18127
18138
18149
18161
18172
18183
18194
18206
18217
18228
18239
18251
18262
18273
18284
18296
18307
18318
18329
18341
18352
18363
18374
18387
18397
18407
18417
18427
18437
18447
18457
18468
18478
18488
18498
18508
18518
18528
18538
18548
18559
18569
18579
18589
18599
18609
18619
18629
18639
18650
18660
18670
18680
18690
18700
18710
18720
18730
18741
18751
18761
18771
18781
18791
18801
18811
18821
18832
18842
18852
18862
18872
18882
18892
18902
18912
18923
18933
18943
18953
18963
18973
18983
18993
19003
19014
19024
19034
19044
19054
19064
19074
19084
19094
19105
19115
19125
19135
19145
19155
19165
19175
19185
19196
19206
19216
19226
19236
19246
19256
19266
19276
19287
19297
19307
19317
19327
19337
19347
19357
19367
19378
19388
19398
19408
19418
19428
19438
19448
19458
19469
19479
19489
19499
19509
19519
19529
19539
19549
19560
19570
19580
19590
19600
19610
19620
19630
19640
19651
19661
19671
19681
19691
19701
19711
19721
19731
19742
19752
19768
19779
19790
19801
19812
19823
19835
19846
19857
19868
19879
19890
19902
19913
19924
19935
19946
19957
19969
19980
19991
20002
20013
20024
20036
20047
20058
20069
20080
20091
20103
20114
20125
20136
20147
20158
20170
20181
20192
20203
20214
20225
20237
20248
20259
20270
20281
20292
20304
20315
20326
20337
20348
20359
20371
20382
20393
20404
20415
20426
20438
20449
20460
20471
20482
20493
20505
20516
20527
20538
20549
20560
20572
20583
20594
20605
20616
20627
20639
20650
20661
20672
20683
20694
20706
20717
20728
20739
20750
20761
20773
20784
20795
20806
20817
20828
20840
20851
20862
20873
20884
20895
20907
20918
20929
20940
20951
20962
20974
20985
20996
21005
21013
21020
21028
21035
21043
21050
21058
21065
21073
21080
21088
21095
21103
21110
21118
21125
21133
21140
21148
21155
21163
21171
21178
21186
21193
21201
21208
21216
21223
21231
21238
21246
21253
21261
21268
21276
21283
21291
21298
21306
21313
21321
21328
21336
21344
21351
21359
21366
21374
21381
21389
21396
21404
21411
21419
21426
21434
21441
21449
21456
21464
21471
21479
21486
21494
21501
21509
21517
21524
21532
21539
21547
21554
21562
21569
21577
21584
21592
21599
21607
21614
21622
21629
21637
21644
21652
21659
21667
21674
21682
21690
21697
21705
21712
21720
21727
21735
21742
21750
21757
21765
21772
21780
21787
21795
21802
21810
21817
21825
21832
21840
21847
21855
21863
21870
21878
21885
21893
21900
21908
21915
21923
21930
21938
21945
21953
21960
21968
21975
21983
21990
21998
22005
22013
22020
22037
22047
22057
22066
22076
22086
22096
22105
22115
22125
22134
22144
22154
22164
22173
22183
22193
22203
22212
22222
22232
22241
22251
22261
22271
22280
22290
22300
22310
22319
22329
22339
22348
22358
22368
22378
22387
22397
22407
22416
22426
22436
22446
22455
22465
22475
22485
22494
22504
22514
22523
22533
22543
22553
22562
22572
22582
22592
22601
22611
22621
22630
22640
22650
22660
22669
22679
22689
22698
22708
22718
22728
22737
22747
22757
22767
22776
22786
22796
22805
22815
22825
22835
22844
22854
22864
22874
22883
22893
22903
22912
22922
22932
22942
22951
22961
22971
22980
22990
23000
23010
23019
23029
23039
23049
23058
23068
23078
23087
23097
23107
23117
23126
23136
23146
23156
23165
23175
23185
23199
23209
23219
23229
23239
23249
23259
23269
23279
23289
23300
23310
23320
23330
23340
23350
23360
23370
23380
23390
23401
23411
23421
23431
23441
23451
23461
23471
23481
23491
23502
23512
23522
23532
23542
23552
23562
23572
23582
23592
23603
23613
23623
23633
23643
23653
23663
23673
23683
23693
23703
23714
23724
23734
23744
23754
23764
23774
23784
23794
23804
23815
23825
23835
23845
23855
23865
23875
23885
23895
23905
23916
23926
23936
23946
23956
23966
23976
23986
23996
24006
24017
24027
24037
24047
24057
24067
24077
24087
24097
24107
24118
24128
24138
24148
24158
24168
24178
24188
24198
24208
24218
24229
24239
24249
24259
24269
24279
24289
24299
24309
24319
24330
24340
24350
24360
24370
24380
24390
24400
24410
24420
24431
24441
24451
24461
24471
24481
24491
24528
24557
24586
24615
24644
24673
24702
24731
24760
24790
24819
24848
24877
24906
24935
24964
24993
25022
25051
25081
25110
25139
25168
25197
25226
25255
25284
25313
25343
25372
25401
25430
25459
25488
25517
25546
25575
25604
25634
25663
25692
25721
25750
25779
25808
25837
25866
25895
25925
25954
25983
26012
26041
26070
26099
26128
26157
26187
26216
26245
26274
26303
26332
26361
26390
26419
26448
26478
26507
26536
26565
26594
26623
26652
26681
26710
26739
26769
26798
26827
26856
26885
26914
26943
26972
27001
27031
27060
27089
27118
27147
27183
27197
27210
27224
27237
27251
27264
27278
27291
27305
27318
27332
27345
27359
27372
27386
27400
27413
27427
27440
27454
27467
27481
27494
27508
27521
27535
27548
27562
27575
27589
27602
27616
27630
27643
27657
27670
27684
27697
27711
27724
27738
27751
27765
27778
27792
27805
27819
27832
27846
27860
27873
27887
27900
27914
27927
27941
27954
27968
27981
27995
28008
28022
28035
28049
28062
28076
28090
28103
28117
28130
28144
28157
28171
28184
28198
28211
28225
28238
28252
28265
28279
28292
28306
28320
28333
28347
28360
28374
28387
28401
28414
28428
28441
28455
28468
28482
28495
28509
28522
28536
28550
28563
28577
28590
28604
28617
28631
28644
28658
28671
28685
28698
28712
28725
28739
28752
28766
28780
28793
28807
28820
28834
28847
28861
28874
28888
28901
28915
28928
28942
28955
28969
28982
28996
29010
29023
29037
29050
29076
29092
29108
29124
29140
29156
29172
29188
29204
29220
29237
29253
29269
29285
29301
29317
29333
29349
29365
29381
29397
29414
29430
29446
29462
29478
29494
29510
29526
29542
29558
29575
29591
29607
29623
29639
29655
29671
29687
29703
29719
29735
29752
29768
29784
29800
29816
29832
29848
29864
29880
29896
29913
29929
29945
29961
29977
29993
30009
30025
30041
30057
30073
30090
30106
30122
30138
30154
30170
30186
30202
30218
30234
30251
30267
30283
30299
30315
30331
30347
30363
30379
30395
30429
30458
30487
30516
30545
30573
30602
30631
30660
30689
30718
30746
30775
30804
30833
30862
30891
30919
30948
30977
31006
31035
31063
31092
31121
31150
31179
31208
31236
31265
31294
31323
31352
31381
31409
31438
31467
31496
31525
31554
31582
31611
31640
31669
31698
31726
31755
31784
31813
31842
31871
31899
31928
31957
31986
32015
32044
32072
32101
32130
32159
32188
32217
32245
32274
32303
32332
32361
32389
32418
32447
32476
32505
32534
32562
32591
32620
32649
32678
32707
32735
32764
32793
32822
32851
32880
32908
32937
32966
32995
33024
33052
33081
33110
33139
33168
33197
33225
33254
33283
33312
33356
33381
33406
33431
33455
33480
33505
33530
33555
33579
33604
33629
33654
33679
33703
33728
33753
33778
33802
33827
33852
33877
33902
33926
33951
33976
34001
34026
34050
34075
34100
34125
34149
34174
34199
34224
34249
34273
34298
34323
34348
34373
34397
34422
34447
34472
34496
34521
34546
34571
34596
34620
34645
34670
34695
34720
34744
34769
34794
34819
34843
34868
34893
34918
34943
34967
34992
35017
35042
35067
35091
35116
35141
35166
35190
35215
35240
35265
35290
35314
35339
35364
35389
35414
35438
35463
35488
35513
35537
35562
35587
35612
35637
35661
35686
35711
35736
35761
35785
35810
35835
35860
35884
35909
35934
35959
35984
36008
36033
36058
36083
36108
36132
36157
36182
36207
36231
36256
36281
36306
36331
36355
36380
36405
36430
36455
36501
36541
36581
36620
36660
36700
36739
36779
36819
36858
36898
36938
36977
37017
37057
37096
37136
37176
37215
37255
37295
37334
37374
37414
37453
37493
37533
37572
37612
37652
37691
37731
37771
37810
37850
37890
37929
37969
38009
38048
38088
38128
38167
38207
38247
38286
38326
38366
38405
38445
38485
38524
38564
38604
38643
38683
38723
38762
38802
38842
38881
38921
38961
39000
39040
39080
39119
39159
39199
39238
39278
39318
39357
39397
39437
39476
39516
39556
39595
39635
39675
39714
39754
39794
39833
39873
39913
39952
39992
40032
40071
40111
40151
40190
40230
40270
40309
40349
40389
40428
40468
40508
40547
40587
40627
40666
40706
40746
40785
40825
40865
40904
40944
40984
41024
41063
41103
41143
41182
41222
41262
41301
41341
41381
41420
41460
41500
41539
41579
41619
41658
41698
41738
41777
41817
41857
41909
41946
41982
42019
42055
42092
42129
42165
42202
42238
42275
42312
42348
42385
42421
42458
42495
42531
42568
42604
42641
42678
42714
42751
42787
42824
42860
42897
42934
42970
43007
43043
43080
43117
43153
43190
43226
43263
43300
43336
43373
43409
43446
43483
43519
43556
43592
43629
43665
43702
43739
43775
43812
43848
43885
43922
43958
43995
44031
44068
44105
44141
44178
44214
44251
44288
44324
44361
44397
44434
44471
44507
44544
44580
44617
44653
44690
44727
44763
44800
44836
44873
44910
44946
44983
45019
45056
45093
45129
45166
45202
45239
45276
45312
45349
45385
45422
45458
45495
45532
45568
45605
45641
45678
45715
45751
45788
45824
45861
45898
45934
45971
46007
46044
46081
46117
46154
46190
46227
46264
46300
46337
46373
46410
46455
46477
46500
46522
46545
46567
46590
46612
46635
46657
46680
46702
46725
46747
46770
46792
46815
46837
46859
46882
46904
46927
46949
46972
46994
47017
47039
47062
47084
47107
47129
47152
47174
47197
47219
47242
47264
47286
47309
47331
47354
47376
47399
47421
47444
47466
47489
47511
47534
47556
47579
47601
47624
47646
47668
47691
47713
47736
47758
47781
47803
47826
47848
47871
47893
47916
47938
47961
47983
48006
48028
48051
48073
48095
48118
48140
48163
48185
48208
48230
48253
48275
48298
48320
48343
48365
48388
48410
48433
48455
48478
48500
48522
48545
48567
48590
48612
48635
48657
48680
48702
48725
48747
48770
48792
48815
48837
48860
48882
48904
48927
48949
48972
48994
49017
49039
49062
49084
49107
49129
49152
49174
49206
49220
49234
49248
49262
49276
49290
49304
49318
49332
49346
49360
49374
49388
49402
49416
49430
49444
49458
49472
49486
49500
49514
49528
49542
49555
49569
49583
49597
49611
49625
49639
49653
49667
49681
49695
49709
49723
49737
49751
49765
49779
49793
49807
49821
49835
49849
49863
49877
49891
49904
49918
49932
49946
49960
49974
49988
50002
50016
50030
50044
50058
50072
50086
50100
50114
50128
50142
50156
50170
50184
50198
50212
50226
50240
50253
50267
50281
50295
50309
50322
50332
50342
50352
50362
50372
50382
50392
50402
50412
50422
50432
50442
50452
50462
50472
50482
50492
50502
50512
50522
50532
50542
50551
50561
50571
50581
50591
50601
50611
50621
50631
50641
50651
50661
50671
50681
50691
50701
50711
50721
50731
50741
50751
50761
50771
50781
50790
50800
50810
50820
50830
50840
50850
50860
50870
50880
50890
50900
50910
50920
50930
50940
50950
50960
50970
50980
50990
51000
51010
51019
51029
51039
51049
51059
51069
51079
51089
51099
51109
51119
51129
51139
51149
51159
51169
51179
51189
51199
51209
51219
51229
51239
51249
51258
51268
51278
51288
51298
51308
51318
51328
51338
51348
51358
51368
51378
51388
51398
51408
51418
51428
51438
51448
51458
51468
51478
51488
51497
51507
51517
51527
51537
51547
51557
51567
51577
51587
51597
51607
51617
51627
51637
51647
51657
51667
51677
51687
51697
51707
51717
51726
51736
51746
51765
51777
51789
51801
51813
51825
51836
51848
51860
51872
51884
51896
51908
51919
51931
51943
51955
51967
51979
51990
52002
52014
52026
52038
52050
52062
52073
52085
52097
52109
52121
52133
52145
52156
52168
52180
52192
52204
52216
52227
52239
52251
52263
52275
52287
52299
52310
52322
52334
52346
52358
52370
52382
52393
52405
52417
52429
52441
52453
52464
52476
52488
52500
52512
52524
52536
52547
52559
52571
52583
52595
52607
52619
52630
52642
52654
52666
52678
52690
52701
52713
52725
52737
52749
52761
52773
52784
52796
52808
52820
52832
52844
52856
52867
52879
52891
52903
52915
52927
52938
52950
52962
52974
52986
52998
53010
53021
53033
53045
53057
53069
53081
53093
53104
53116
53128
53140
53152
53164
53175
53187
53199
53211
53223
53235
53247
53258
53270
53282
53294
53306
53318
53330
53341
53353
53365
53377
53389
53401
53417
53429
53441
53454
53466
53478
53491
53503
53515
53527
53540
53552
53564
53577
53589
53601
53614
53626
53638
53650
53663
53675
53687
53700
53712
53724
53736
53749
53761
53773
53786
53798
53810
53823
53835
53847
53859
53872
53884
53896
53909
53921
53933
53945
53958
53970
53982
53995
54007
54019
54032
54044
54056
54068
54081
54093
54105
54118
54130
54142
54155
54167
54179
54191
54204
54216
54228
54241
54253
54265
54277
54290
54302
54314
54327
54339
54351
54364
54376
54388
54400
54413
54425
54437
54450
54462
54474
54486
54499
54511
54523
54536
54548
54560
54573
54585
54597
54609
54622
54634
54646
54659
54671
54683
54696
54708
54720
54732
54745
54757
54769
54782
54794
54806
54818
54835
54845
54855
54865
54875
54885
54895
54905
54915
54925
54935
54946
54956
54966
54976
54986
54996
55006
55016
55026
55036
55046
55057
55067
55077
55087
55097
55107
55117
55127
55137
55147
55157
55168
55178
55188
55198
55208
55218
55228
55238
55248
55258
55268
55278
55289
55299
55309
55319
55329
55339
55349
55359
55369
55379
55389
55400
55410
55420
55430
55440
55450
55460
55470
55480
55490
55500
55511
55521
55531
55541
55551
55561
55571
55581
55591
55601
55611
55622
55632
55642
55652
55662
55672
55682
55692
55702
55712
55722
55732
55743
55753
55763
55773
55783
55793
55803
55813
55823
55833
55843
55854
55864
55874
55884
55894
55904
55914
55924
55934
55944
55953
55961
55969
55977
55985
55993
56001
56009
56017
56025
56033
56041
56049
56057
56065
56073
56081
56089
56097
56105
56113
56121
56129
56137
56145
56153
56161
56169
56177
56185
56193
56201
56209
56217
56225
56233
56241
56249
56257
56265
56273
56281
56289
56297
56305
56313
56321
56329
56337
56345
56353
56361
56369
56377
56385
56393
56401
56409
56417
56425
56433
56441
56449
56457
56465
56473
56481
56489
56497
56505
56513
56521
56529
56537
56545
56553
56561
56569
56577
56585
56593
56601
56609
56617
56625
56633
56641
56649
56657
56665
56673
56681
56689
56697
56705
56713
56721
56729
56737
56745
56753
56761
56769
56777
56785
56793
56801
56809
56817
56825
56833
56841
56849
56857
56865
56873
56881
56889
56897
56905
56913
56921
56929
56937
56945
56953
56961
56969
56977
56985
56993
57001
57009
57029
57043
57057
57070
57084
57098
57111
57125
57139
57153
57166
57180
57194
57207
57221
57235
57249
57262
57276
57290
57303
57317
57331
57344
57358
57372
57386
57399
57413
57427
57440
57454
57468
57482
57495
57509
57523
57536
57550
57564
57577
57591
57605
57619
57632
57646
57660
57673
57687
57701
57715
57728
57742
57756
57769
57783
57797
57810
57824
57838
57852
57865
57879
57893
57906
57920
57934
57948
57961
57975
57989
58002
58016
58030
58043
58057
58071
58085
58098
58112
58126
58139
58153
58167
58181
58194
58208
58222
58235
58249
58263
58276
58290
58304
58318
58331
58345
58359
58372
58386
58400
58414
58427
58441
58455
58468
58482
58496
58509
58523
58537
58551
58564
58578
58592
58605
58619
58633
58647
58660
58674
58697
58707
58717
58728
58738
58748
58758
58769
58779
58789
58800
58810
58820
58830
58841
58851
58861
58872
58882
58892
58902
58913
58923
58933
58944
58954
58964
58974
58985
58995
59005
59015
59026
59036
59046
59057
59067
59077
59087
59098
59108
59118
59129
59139
59149
59159
59170
59180
59190
59201
59211
59221
59231
59242
59252
59262
59273
59283
59293
59303
59314
59324
59334
59344
59355
59365
59375
59386
59396
59406
59416
59427
59437
59447
59458
59468
59478
59488
59499
59509
59519
59530
59540
59550
59560
59571
59581
59591
59602
59612
59622
59632
59643
59653
59663
59673
59684
59694
59704
59715
59725
59735
59745
59756
59766
59776
59787
59797
59807
59817
59828
59838
59848
59859
59869
59879
59889
59900
59910
59920
59931
59941
59951
59961
59972
59982
59992
60002
60013
60023
60033
60044
60054
60064
60074
60085
60095
60105
60116
60126
60136
60146
60157
60167
60177
60188
60198
60208
60218
60229
60248
60259
60271
60282
60294
60305
60316
60328
60339
60351
60362
60374
60385
60396
60408
60419
60431
60442
60453
60465
60476
60488
60499
60511
60522
60533
60545
60556
60568
60579
60590
60602
60613
60625
60636
60648
60659
60670
60682
60693
60705
60716
60727
60739
60750
60762
60773
60785
60796
60807
60819
60830
60842
60853
60864
60876
60887
60899
60910
60922
60933
60944
60956
60967
60979
60990
61001
61013
61024
61036
61047
61059
61070
61081
61093
61104
61116
61127
61138
61150
61161
61173
61184
61196
61207
61218
61230
61241
61253
61264
61275
61287
61298
61310
61321
61333
61344
61355
61367
61378
61390
61401
61413
61424
61435
61447
61458
61470
61481
61492
61504
61515
61527
61538
61550
61561
61572
61584
61595
61607
61618
61629
61641
61658
61668
61679
61689
61699
61710
61720
61731
61741
61751
61762
61772
61782
61793
61803
61814
61824
61834
61845
61855
61865
61876
61886
61897
61907
61917
61928
61938
61948
61959
61969
61980
61990
62000
62011
62021
62031
62042
62052
62063
62073
62083
62094
62104
62114
62125
62135
62146
62156
62166
62177
62187
62197
62208
62218
62229
62239
62249
62260
62270
62280
62291
62301
62312
62322
62332
62343
62353
62363
62374
62384
62395
62405
62415
62426
62436
62446
62457
62467
62478
62488
62498
62509
62519
62530
62540
62550
62561
62571
62581
62592
62602
62613
62623
62633
62644
62654
62664
62675
62685
62696
62706
62716
62727
62737
62747
62758
62768
62779
62789
62799
62810
62820
62830
62841
62851
62862
62872
62882
62893
62903
62913
62924
62938
62948
62959
62969
62979
62990
63000
63011
63021
63031
63042
63052
63062
63073
63083
63094
63104
63114
63125
63135
63145
63156
63166
63177
63187
63197
63208
63218
63229
63239
63249
63260
63270
63280
63291
63301
63312
63322
63332
63343
63353
63363
63374
63384
63395
63405
63415
63426
63436
63447
63457
63467
63478
63488
63498
63509
63519
63530
63540
63550
63561
63571
63581
63592
63602
63613
63623
63633
63644
63654
63664
63675
63685
63696
63706
63716
63727
63737
63748
63758
63768
63779
63789
63799
63810
63820
63831
63841
63851
63862
63872
63882
63893
63903
63914
63924
63934
63945
63955
63966
63976
63986
63997
64007
64017
64028
64038
64049
64059
64069
64080
64090
64100
64111
64121
64132
64142
64152
64163
64173
64184
64194
64204
64215
64225
64235
64246
64256
64271
64285
64299
64313
64327
64341
64355
64369
64383
64397
64411
64425
64439
64453
64467
64481
64495
64509
64523
64537
64551
64565
64579
64593
64607
64621
64635
64649
64663
64677
64691
64705
64719
64733
64747
64761
64775
64789
64803
64817
64831
64845
64859
64873
64887
64901
64915
64929
64943
64957
64971
64985
64999
65013
65027
65041
65055
65069
65083
65097
65111
65125
65139
65153
65167
65181
65195
65209
65223
65237
65251
65264
65278
65292
65306
65320
65334
65348
65362
65376
65390
65404
65418
65432
65446
65460
65474
65488
65502
65516
65530
65544
65558
65572
65586
65600
65614
65628
65642
65656
65670
65684
65698
65712
65726
65740
65754
65768
65782
65796
65810
65824
65838
65852
65866
65880
65894
65908
65922
65936
65950
65964
65978
66006
66023
66041
66058
66075
66093
66110
66127
66145
66162
66180
66197
66214
66232
66249
66266
66284
66301
66319
66336
66353
66371
66388
66405
66423
66440
66458
66475
66492
66510
66527
66544
66562
66579
66597
66614
66631
66649
66666
66683
66701
66718
66736
66753
66770
66788
66805
66822
66840
66857
66875
66892
66909
66927
66944
66961
66979
66996
67014
67031
67048
67066
67083
67100
67118
67135
67153
67170
67187
67205
67222
67239
67257
67274
67292
67309
67326
67344
67361
67378
67396
67413
67431
67448
67465
67483
67500
67517
67535
67552
67570
67587
67604
67622
67639
67656
67674
67691
67709
67726
67743
67761
67778
67795
67813
67830
67848
67865
67882
67900
67917
67934
67952
67969
67987
68004
68021
68039
68056
68073
68091
68108
68126
68143
68160
68178
68195
68212
68231
68243
68255
68266
68278
68290
68301
68313
68325
68337
68348
68360
68372
68383
68395
68407
68419
68430
68442
68454
68465
68477
68489
68500
68512
68524
68536
68547
68559
68571
68582
68594
68606
68618
68629
68641
68653
68664
68676
68688
68700
68711
68723
68735
68746
68758
68770
68781
68793
68805
68817
68828
68840
68852
68863
68875
68887
68899
68910
68922
68934
68945
68957
68969
68981
68992
69004
69016
69027
69039
69051
69062
69074
69086
69098
69109
69121
69133
69144
69156
69168
69180
69191
69203
69215
69226
69238
69250
69262
69273
69285
69297
69308
69320
69332
69343
69355
69367
69379
69390
69402
69414
69425
69437
69449
69461
69472
69484
69496
69507
69519
69536
69553
69570
69587
69604
69621
69638
69655
69672
69689
69706
69723
69740
69757
69774
69791
69808
69825
69842
69859
69876
69892
69909
69926
69943
69960
69977
69994
70011
70028
70045
70062
70079
70096
70113
70130
70147
70164
70181
70198
70215
70232
70248
70265
70282
70299
70316
70333
70350
70367
70384
70401
70418
70435
70452
70469
70486
70503
70520
70537
70554
70571
70588
70605
70621
70638
70655
70672
70689
70706
70723
70740
70757
70774
70791
70808
70825
70842
70859
70876
70893
70910
70927
70944
70961
70977
70994
71011
71028
71045
71062
71079
71096
71113
71130
71147
71164
71181
71198
71215
71232
71249
71266
71283
71300
71317
71334
71350
71367
71384
71401
71418
71435
71452
71469
71486
71503
71520
71537
71554
71571
71588
71605
71622
71639
71656
71673
71690
71706
71723
71740
71757
71774
71791
71808
71825
71842
71859
71876
71893
71910
71927
71944
71980
71999
72019
72038
72058
72077
72097
72116
72136
72155
72175
72194
72214
72233
72252
72272
72291
72311
72330
72350
72369
72389
72408
72428
72447
72467
72486
72505
72525
72544
72564
72583
72603
72622
72642
72661
72681
72700
72720
72739
72758
72778
72797
72817
72836
72856
72875
72895
72914
72934
72953
72973
72992
73012
73031
73050
73070
73089
73109
73128
73148
73167
73187
73206
73226
73245
73265
73284
73303
73323
73342
73362
73381
73401
73420
73440
73459
73479
73498
73518
73537
73556
73576
73595
73615
73634
73654
73673
73693
73712
73732
73751
73771
73790
73810
73829
73848
73868
73887
73907
73926
73946
73965
73985
74004
74024
74043
74063
74082
74101
74121
74140
74160
74179
74199
74218
74238
74257
74277
74296
74316
74358
74385
74412
74439
74466
74493
74520
74547
74574
74602
74629
74656
74683
74710
74737
74764
74791
74818
74846
74873
74900
74927
74954
74981
75008
75035
75062
75090
75117
75144
75171
75198
75225
75252
75279
75306
75333
75361
75388
75415
75442
75469
75496
75523
75550
75577
75605
75632
75659
75686
75713
75740
75767
75794
75821
75849
75876
75903
75930
75957
75984
76011
76038
76065
76092
76120
76147
76174
76201
76228
76255
76282
76309
76336
76364
76391
76418
76445
76472
76499
76526
76553
76580
76608
76635
76662
76689
76716
76743
76770
76797
76824
76851
76879
76906
76933
76960
76987
77014
77041
77068
77095
77123
77150
77177
77204
77231
77258
77285
77312
77339
77367
77394
77421
77448
77475
77502
77529
77556
77583
77610
77638
77696
77730
77765
77799
77834
77868
77903
77937
77972
78006
78041
78075
78110
78144
78179
78213
78248
78282
78317
78351
78386
78420
78455
78489
78524
78558
78593
78627
78661
78696
78730
78765
78799
78834
78868
78903
78937
78972
79006
79041
79075
79110
79144
79179
79213
79248
79282
79317
79351
79386
79420
79455
79489
79524
79558
79593
79627
79661
79696
79730
79765
79799
79834
79868
79903
79937
79972
80006
80041
80075
80110
80144
80179
80213
80248
80282
80317
80351
80386
80420
80455
80489
80524
80558
80593
80627
80661
80696
80730
80765
80799
80834
80868
80903
80937
80972
81006
81041
81075
81110
81144
81179
81213
81248
81282
81317
81351
81386
81420
81455
81489
81524
81558
81592
81627
81661
81696
81730
81775
81789
81802
81816
81829
81843
81856
81870
81884
81897
81911
81924
81938
81951
81965
81978
81992
82006
82019
82033
82046
82060
82073
82087
82101
82114
82128
82141
82155
82168
82182
82195
82209
82223
82236
82250
82263
82277
82290
82304
82317
82331
82345
82358
82372
82385
82399
82412
82426
82440
82453
82467
82480
82494
82507
82521
82534
82548
82562
82575
82589
82602
82616
82629
82643
82657
82670
82684
82697
82711
82724
82738
82751
82765
82779
82792
82806
82819
82833
82846
82860
82873
82887
82901
82914
82928
82941
82955
82968
82982
82996
83009
83023
83036
83050
83063
83077
83090
83104
83118
83131
83145
83158
83172
83185
83199
83213
83226
83240
83253
83267
83280
83294
83307
83321
83335
83348
83362
83375
83389
83402
83416
83438
83453
83468
83483
83498
83513
83528
83543
83558
83573
83588
83603
83618
83633
83648
83663
83678
83693
83708
83723
83738
83753
83768
83783
83798
83813
83828
83843
83858
83873
83888
83903
83918
83933
83948
83963
83978
83993
84008
84023
84038
84053
84068
84083
84098
84113
84128
84143
84158
84173
84188
84203
84218
84233
84248
84263
84278
84293
84308
84323
84338
84353
84368
84383
84398
84413
84428
84443
84458
84473
84488
84503
84518
84533
84548
84563
84578
84593
84608
84623
84638
84653
84668
84683
84698
84713
84728
84743
84758
84773
84788
84803
84818
84833
84848
84863
84878
84893
84908
84923
84938
84953
84968
84983
84998
85013
85028
85043
85058
85073
85088
85103
85118
85133
85148
85163
85178
85193
85208
85223
85238
85253
85268
85283
85298
85313
85328
85343
85358
85373
85388
85403
85427
85441
85455
85469
85483
85497
85511
85525
85539
85553
85567
85581
85595
85609
85622
85636
85650
85664
85678
85692
85706
85720
85734
85748
85762
85776
85790
85804
85817
85831
85845
85859
85873
85887
85901
85915
85929
85943
85957
85971
85985
85999
86012
86026
86040
86054
86068
86082
86096
86110
86124
86138
86152
86166
86180
86194
86207
86221
86235
86249
86263
86277
86291
86305
86319
86333
86347
86361
86375
86389
86402
86416
86430
86444
86458
86472
86486
86500
86514
86528
86542
86556
86570
86584
86597
86611
86625
86639
86653
86667
86681
86695
86709
86723
86737
86751
86765
86779
86792
86806
86820
86834
86848
86862
86876
86890
86904
86918
86932
86946
86960
86974
86987
87001
87015
87029
87043
87057
87071
87085
87099
87113
87131
87147
87163
87180
87196
87212
87229
87245
87261
87277
87294
87310
87326
87343
87359
87375
87392
87408
87424
87440
87457
87473
87489
87506
87522
87538
87555
87571
87587
87603
87620
87636
87652
87669
87685
87701
87718
87734
87750
87766
87783
87799
87815
87832
87848
87864
87880
87897
87913
87929
87946
87962
87978
87995
88011
88027
88043
88060
88076
88092
88109
88125
88141
88158
88174
88190
88206
88223
88239
88255
88272
88288
88304
88321
88337
88353
88369
88386
88402
88418
88435
88451
88467
88484
88500
88516
88532
88549
88565
88581
88598
88614
88630
88646
88663
88679
88695
88712
88728
88744
88761
88777
88793
88809
88826
88842
88858
88875
88891
88907
88924
88940
88956
88972
88997
89009
89021
89033
89045
89057
89069
89081
89093
89105
89117
89129
89142
89154
89166
89178
89190
89202
89214
89226
89238
89250
89262
89274
89287
89299
89311
89323
89335
89347
89359
89371
89383
89395
89407
89419
89432
89444
89456
89468
89480
89492
89504
89516
89528
89540
89552
89564
89577
89589
89601
89613
89625
89637
89649
89661
89673
89685
89697
89709
89722
89734
89746
89758
89770
89782
89794
89806
89818
89830
89842
89854
89866
89879
89891
89903
89915
89927
89939
89951
89963
89975
89987
89999
90011
90024
90036
90048
90060
90072
90084
90096
90108
90120
90132
90144
90156
90169
90181
90193
90205
90217
90229
90241
90253
90265
90277
90289
90301
90314
90326
90338
90350
90362
90374
90386
90398
90410
90422
90434
90446
90459
90471
90483
90495
90507
90519
90531
90546
90557
90568
90580
90591
90602
90613
90625
90636
90647
90658
90670
90681
90692
90703
90715
90726
90737
90748
90760
90771
90782
90793
90805
90816
90827
90838
90850
90861
90872
90883
90895
90906
90917
90928
90940
90951
90962
90974
90985
90996
91007
91019
91030
91041
91052
91064
91075
91086
91097
91109
91120
91131
91142
91154
91165
91176
91187
91199
91210
91221
91232
91244
91255
91266
91277
91289
91300
91311
91322
91334
91345
91356
91368
91379
91390
91401
91413
91424
91435
91446
91458
91469
91480
91491
91503
91514
91525
91536
91548
91559
91570
91581
91593
91604
91615
91626
91638
91649
91660
91671
91683
91694
91705
91716
91728
91739
91750
91762
91773
91784
91795
91807
91818
91829
91840
91852
91863
91874
91885
91897
91908
91919
91930
91942
91953
91964
91975
91987
91998
92009
92020
92032
92046
92057
92069
92080
92092
92103
92114
92126
92137
92149
92160
92171
92183
92194
92206
92217
92229
92240
92251
92263
92274
92286
92297
92308
92320
92331
92343
92354
92365
92377
92388
92400
92411
92423
92434
92445
92457
92468
92480
92491
92502
92514
92525
92537
92548
92560
92571
92582
92594
92605
92617
92628
92639
92651
92662
92674
92685
92696
92708
92719
92731
92742
92754
92765
92776
92788
92799
92811
92822
92833
92845
92856
92868
92879
92891
92902
92913
92925
92936
92948
92959
92970
92982
92993
93005
93016
93027
93039
93050
93062
93073
93085
93096
93107
93119
93130
93142
93153
93164
93176
93187
93199
93210
93221
93233
93244
93256
93267
93279
93290
93301
93313
93324
93336
93347
93358
93370
93381
93396
93406
93417
93427
93438
93448
93458
93469
93479
93490
93500
93511
93521
93531
93542
93552
93563
93573
93583
93594
93604
93615
93625
93636
93646
93656
93667
93677
93688
93698
93709
93719
93729
93740
93750
93761
93771
93781
93792
93802
93813
93823
93834
93844
93854
93865
93875
93886
93896
93906
93917
93927
93938
93948
93959
93969
93979
93990
94000
94011
94021
94032
94042
94052
94063
94073
94084
94094
94104
94115
94125
94136
94146
94157
94167
94177
94188
94198
94209
94219
94230
94240
94250
94261
94271
94282
94292
94302
94313
94323
94334
94344
94355
94365
94375
94386
94396
94407
94417
94427
94438
94448
94459
94469
94480
94490
94500
94511
94521
94532
94542
94553
94563
94573
94584
94594
94605
94615
94625
94636
94646
94657
94675
94684
94693
94702
94711
94720
94729
94738
94747
94756
94765
94775
94784
94793
94802
94811
94820
94829
94838
94847
94856
94865
94874
94884
94893
94902
94911
94920
94929
94938
94947
94956
94965
94974
94984
94993
95002
95011
95020
95029
95038
95047
95056
95065
95074
95083
95093
95102
95111
95120
95129
95138
95147
95156
95165
95174
95183
95192
95202
95211
95220
95229
95238
95247
95256
95265
95274
95283
95292
95302
95311
95320
95329
95338
95347
95356
95365
95374
95383
95392
95401
95411
95420
95429
95438
95447
95456
95465
95474
95483
95492
95501
95511
95520
95529
95538
95547
95556
95565
95574
95583
95592
95601
95610
95620
95629
95638
95647
95656
95665
95674
95683
95692
95701
95710
95719
95729
95738
95747
95756
95765
95774
95783
95792
95801
95815
95825
95834
95844
95853
95863
95872
95882
95891
95901
95911
95920
95930
95939
95949
95958
95968
95977
95987
95997
96006
96016
96025
96035
96044
96054
96063
96073
96083
96092
96102
96111
96121
96130
96140
96149
96159
96169
96178
96188
96197
96207
96216
96226
96235
96245
96255
96264
96274
96283
96293
96302
96312
96321
96331
96341
96350
96360
96369
96379
96388
96398
96407
96417
96427
96436
96446
96455
96465
96474
96484
96493
96503
96513
96522
96532
96541
96551
96560
96570
96579
96589
96599
96608
96618
96627
96637
96646
96656
96665
96675
96685
96694
96704
96713
96723
96732
96742
96751
96761
96771
96780
96790
96799
96809
96818
96828
96837
96847
96857
96866
96876
96885
96895
96904
96914
96923
96933
96947
96957
96967
96977
96987
96998
97008
97018
97028
97038
97049
97059
97069
97079
97089
97099
97110
97120
97130
97140
97150
97161
97171
97181
97191
97201
97211
97222
97232
97242
97252
97262
97273
97283
97293
97303
97313
97324
97334
97344
97354
97364
97374
97385
97395
97405
97415
97425
97436
97446
97456
97466
97476
97486
97497
97507
97517
97527
97537
97548
97558
97568
97578
97588
97598
97609
97619
97629
97639
97649
97660
97670
97680
97690
97700
97711
97721
97731
97741
97751
97761
97772
97782
97792
97802
97812
97823
97833
97843
97853
97863
97873
97884
97894
97904
97914
97924
97935
97945
97955
97965
97975
97985
97996
98006
98016
98026
98036
98047
98057
98067
98077
98087
98098
98108
98118
98128
98138
98148
98159
98169
98179
98189
98199
98210
98220
98230
98240
98250
98260
98271
98281
98291
98301
98311
98322
98332
98342
98352
98362
98372
98383
98393
98403
98415
98423
98431
98439
98447
98455
98463
98471
98479
98487
98495
98503
98511
98519
98527
98535
98543
98551
98559
98567
98575
98583
98591
98599
98607
98615
98623
98631
98639
98647
98655
98663
98671
98679
98687
98695
98703
98711
98719
98727
98735
98743
98751
98759
98767
98775
98783
98791
98799
98807
98815
98823
98831
98839
98847
98855
98863
98871
98879
98887
98895
98903
98911
98919
98927
98935
98943
98951
98959
98967
98975
98983
98991
98999
99007
99015
99023
99031
99039
99047
99055
99063
99071
99079
99087
99095
99103
99111
99119
99127
99135
99143
99151
99159
99167
99174
99182
99190
99198
99206
99214
99222
99230
99238
99246
99254
99262
99270
99278
99286
99294
99302
99310
99318
99326
99334
99342
99350
99358
99366
99374
99382
99390
99398
99406
99414
99422
99430
99447
99456
99465
99475
99484
99493
99502
99512
99521
99530
99539
99549
99558
99567
99577
99586
99595
99604
99614
99623
99632
99641
99651
99660
99669
99678
99688
99697
99706
99716
99725
99734
99743
99753
99762
99771
99780
99790
99799
99808
99817
99827
99836
99845
99855
99864
99873
99882
99892
99901
99910
99919
99929
99938
99947
99956
99966
99975
99984
99994
100003
100012
100021
100031
100040
100049
100058
100068
100077
100086
100095
100105
100114
100123
100133
100142
100151
100160
100170
100179
100188
100197
100207
100216
100225
100234
100244
100253
100262
100272
100281
100290
100299
100309
100318
100327
100336
100346
100355
100364
100373
100390
100402
100414
100426
100437
100449
100461
100473
100485
100496
100508
100520
100532
100544
100555
100567
100579
100591
100602
100614
100626
100638
100650
100661
100673
100685
100697
100709
100720
100732
100744
100756
100767
100779
100791
100803
100815
100826
100838
100850
100862
100874
100885
100897
100909
100937
100955
100973
100992
101010
101028
101047
101065
101083
101102
101120
101138
101157
101175
101193
101211
101230
101248
101266
101285
101303
101321
101340
101358
101376
101395
101413
101431
101449
101468
101486
101504
101523
101541
101559
101578
101596
101614
101633
101651
101669
101688
101706
101724
101742
101761
101779
101797
101816
101834
101852
101871
101889
101907
101926
101944
101962
101980
101999
102017
102035
102054
102072
102090
102109
102127
102145
102164
102182
102200
102219
102237
102255
102273
102292
102310
102328
102347
102365
102383
102402
102420
102438
102457
102475
102493
102511
102530
102548
102566
102585
102603
102621
102640
102658
102676
102695
102713
102731
102750
102768
102786
102804
102823
102841
102859
102878
102896
102914
102933
102951
102969
102988
103006
103024
103042
103061
103079
103097
103116
103134
103152
103171
103189
103207
103226
103244
103262
103281
103299
103317
103335
103354
103372
103390
103409
103427
103445
103464
103482
103500
103519
103537
103555
103573
103592
103610
103628
103647
103665
103683
103702
103720
103738
103757
103775
103793
103812
103830
103848
103866
103895
103910
103925
103941
103956
103971
103987
104002
104017
104033
104048
104063
104078
104094
104109
104124
104140
104155
104170
104186
104201
104216
104232
104247
104262
104277
104293
104308
104323
104339
104354
104369
104385
104400
104415
104430
104446
104461
104476
104492
104507
104522
104538
104553
104568
104584
104599
104614
104629
104645
104660
104675
104691
104706
104721
104737
104752
104767
104782
104798
104813
104828
104844
104859
104874
104890
104905
104920
104936
104951
104966
104981
104997
105012
105027
105043
105058
105073
105089
105104
105119
105135
105150
105165
105180
105196
105211
105226
105242
105257
105272
105288
105303
105318
105333
105349
105364
105379
105395
105410
105425
105441
105456
105471
105487
105502
105517
105532
105548
105563
105578
105594
105609
105624
105640
105655
105670
105685
105701
105716
105740
105750
105760
105770
105781
105791
105801
105811
105821
105832
105842
105852
105862
105872
105883
105893
105903
105913
105923
105934
105944
105954
105964
105975
105985
105995
106005
106015
106026
106036
106046
106056
106066
106077
106087
106097
106107
106117
106128
106138
106148
106158
106168
106179
106189
106199
106209
106220
106230
106240
106250
106260
106271
106281
106291
106301
106311
106322
106332
106342
106352
106362
106373
106383
106393
106403
106413
106424
106434
106444
106454
106465
106475
106485
106495
106505
106516
106526
106536
106546
106556
106567
106577
106587
106597
106607
106618
106628
106638
106648
106658
106669
106679
106689
106699
106710
106720
106730
106740
106750
106761
106771
106781
106791
106801
106812
106822
106832
106842
106852
106863
106873
106883
106893
106903
106914
106924
106934
106944
106955
106965
106975
106985
106995
107006
107016
107026
107036
107046
107057
107067
107077
107087
107098
107106
107114
107122
107130
107138
107146
107154
107162
107170
107178
107186
107194
107202
107210
107218
107226
107234
107242
107250
107258
107266
107274
107282
107290
107298
107306
107314
107322
107330
107338
107346
107354
107362
107370
107378
107386
107394
107402
107410
107418
107426
107434
107442
107450
107458
107466
107474
107482
107490
107498
107506
107519
107527
107535
107543
107551
107560
107568
107576
107584
107592
107600
107609
107617
107625
107633
107641
107650
107658
107666
107674
107682
107690
107699
107707
107715
107723
107731
107740
107748
107756
107764
107772
107780
107789
107797
107805
107813
107821
107830
107838
107846
107860
107868
107876
107884
107892
107900
107908
107917
107925
107933
107941
107949
107957
107965
107973
107982
107990
107998
108006
108014
108022
108030
108038
108047
108055
108063
108071
108079
108087
108095
108103
108112
108120
108128
108136
108144
108152
108160
108168
108177
108185
108193
108201
108209
108217
108225
108233
108242
108250
108258
108266
108274
108282
108290
108298
108307
108315
108323
108331
108339
108347
108355
108364
108372
108380
108388
