0
24
47
69
92
114
137
159
182
204
227
250
272
295
317
340
362
385
407
430
453
475
498
520
543
565
588
610
633
656
678
701
723
746
768
791
813
836
859
881
904
926
949
971
994
1016
1039
1062
1084
1107
1129
1152
1174
1197
1219
1242
1265
1287
1310
1332
1355
1377
1400
1422
1445
1468
1490
1513
1535
1558
1580
1603
1625
1648
1671
1693
1716
1738
1761
1783
1806
1828
1851
1873
1896
1919
1941
1964
1986
2009
2031
2054
2076
2099
2122
2144
2167
2189
2212
2234
2257
2279
2302
2325
2347
2370
2392
2415
2437
2460
2482
2505
2528
2550
2573
2595
2618
2640
2663
2685
2708
2731
2753
2776
2798
2821
2843
2866
2888
2911
2934
2956
2979
3001
3024
3046
3069
3091
3114
3137
3159
3182
3204
3227
3249
3272
3294
3317
3340
3362
3385
3407
3430
3452
3475
3497
3520
3543
3565
3591
3609
3628
3646
3665
3683
3702
3720
3739
3757
3775
3794
3812
3831
3849
3868
3886
3905
3923
3942
3960
3978
3997
4015
4034
4052
4071
4089
4108
4126
4145
4163
4181
4200
4218
4237
4255
4274
4292
4311
4329
4348
4366
4384
4403
4421
4440
4458
4477
4495
4514
4532
4550
4569
4587
4606
4624
4643
4661
4680
4698
4717
4735
4753
4772
4790
4809
4827
4846
4864
4883
4901
4920
4938
4956
4975
4993
5012
5030
5049
5067
5086
5104
5123
5141
5159
5178
5196
5215
5233
5252
5270
5289
5307
5343
5362
5382
5401
5420
5440
5459
5479
5498
5517
5537
5556
5576
5595
5614
5634
5653
5673
5692
5711
5731
5750
5770
5789
5808
5828
5847
5867
5886
5905
5925
5944
5964
5983
6002
6022
6041
6060
6080
6099
6119
6138
6157
6177
6196
6216
6235
6254
6274
6293
6313
6332
6351
6371
6390
6410
6429
6448
6468
6487
6507
6526
6545
6565
6584
6604
6623
6642
6662
6681
6700
6720
6739
6759
6778
6797
6817
6836
6856
6875
6894
6914
6933
6953
6972
6991
7011
7030
7050
7069
7088
7108
7127
7147
7166
7185
7205
7224
7244
7263
7282
7302
7321
7340
7360
7379
7399
7418
7437
7457
7476
7496
7515
7534
7554
7573
7593
7612
7631
7651
7670
7690
7709
7728
7748
7767
7787
7806
7825
7845
7864
7884
7903
7922
7942
7961
7980
8000
8019
8039
8058
8090
8107
8123
8140
8156
8173
8189
8206
8222
8239
8255
8272
8288
8305
8322
8338
8355
8371
8388
8404
8421
8437
8454
8470
8487
8503
8520
8537
8553
8570
8586
8603
8619
8636
8652
8669
8685
8702
8718
8735
8751
8768
8785
8801
8818
8834
8851
8867
8884
8900
8917
8933
8950
8966
8983
9000
9016
9033
9049
9066
9082
9099
9115
9132
9148
9165
9181
9198
9214
9231
9248
9264
9281
9297
9314
9330
9347
9363
9380
9396
9413
9429
9446
9463
9479
9496
9512
9529
9545
9562
9578
9595
9611
9628
9644
9661
9677
9694
9711
9727
9744
9760
9777
9793
9810
9826
9843
9859
9876
9892
9909
9926
9942
9959
9998
10022
10046
10070
10094
10119
10143
10167
10191
10215
10239
10264
10288
10312
10336
10360
10385
10409
10433
10457
10481
10505
10530
10554
10578
10602
10626
10651
10675
10699
10723
10747
10771
10796
10820
10844
10868
10892
10917
10941
10965
10989
11013
11037
11062
11086
11110
11134
11158
11183
11207
11231
11255
11279
11303
11328
11352
11376
11400
11424
11449
11473
11497
11521
11545
11569
11594
11618
11642
11666
11690
11715
11739
11763
11787
11811
11835
11860
11884
11908
11932
11956
11981
12005
12029
12053
12077
12101
12126
12150
12174
12198
12222
12247
12271
12295
12319
12343
12367
12392
12416
12440
12464
12488
12513
12537
12561
12585
12609
12633
12658
12682
12706
12730
12754
12779
12803
12827
12851
12875
12899
12924
12948
12972
12996
13020
13045
13069
13093
13117
13141
13165
13190
13214
13238
13262
13286
13311
13335
13359
13383
13407
13431
13456
13480
13504
13528
13552
13577
13601
13625
13649
13673
13697
13722
13746
13770
13806
13827
13848
13869
13891
13912
13933
13954
13975
13997
14018
14039
14060
14081
14103
14124
14145
14166
14187
14209
14230
14251
14272
14293
14315
14336
14357
14378
14399
14421
14442
14463
14484
14505
14527
14548
14569
14590
14611
14633
14654
14675
14696
14717
14739
14760
14781
14802
14823
14845
14866
14887
14908
14929
14951
14972
14993
15014
15036
15057
15078
15099
15120
15142
15163
15184
15205
15226
15248
15269
15290
15311
15332
15354
15375
15396
15417
15438
15460
15481
15502
15523
15544
15566
15587
15608
15629
15650
15672
15693
15714
15735
15756
15778
15799
15820
15841
15857
15873
15889
15906
15922
15938
15954
15970
15987
16003
16019
16035
16051
16068
16084
16100
16116
16132
16149
16165
16181
16197
16214
16230
16246
16262
16278
16295
16311
16327
16343
16359
16376
16392
16408
16424
16440
16457
16473
16489
16505
16522
16538
16554
16570
16586
16603
16619
16635
16651
16667
16684
16700
16716
16732
16748
16765
16781
16797
16813
16830
16846
16862
16878
16894
16911
16927
16943
16959
16975
16992
17008
17024
17040
17056
17073
17089
17105
17121
17138
17154
17170
17186
17202
17219
17235
17251
17267
17283
17300
17316
17332
17348
17364
17381
17397
17413
17429
17446
17462
17478
17494
17510
17527
17543
17559
17584
17603
17622
17641
17660
17679
17698
17717
17736
17755
17774
17793
17812
17831
17850
17869
17888
17907
17926
17945
17964
17983
18002
18021
18040
18059
18078
18097
18116
18135
18154
18173
18192
18211
18230
18249
18267
18286
18305
18324
18343
18362
18381
18400
18419
18438
18457
18476
18495
18514
18533
18552
18571
18590
18609
18628
18647
18666
18685
18704
18723
18742
18761
18780
18799
18818
18837
18856
18875
18894
18913
18932
18951
18969
18988
19007
19026
19045
19064
19083
19102
19121
19140
19159
19178
19197
19216
19235
19254
19273
19292
19311
19330
19349
19368
19387
19406
19425
19444
19463
19482
19501
19520
19539
19558
19577
19596
19615
19634
19653
19671
19690
19709
19728
19747
19766
19785
19804
19823
19842
19861
19880
19899
19918
19937
19956
19975
19994
20013
20032
20051
20070
20089
20138
20170
20202
20234
20267
20299
20331
20363
20396
20428
20460
20492
20525
20557
20589
20621
20653
20686
20718
20750
20782
20815
20847
20879
20911
20944
20976
21008
21040
21072
21105
21137
21169
21201
21234
21266
21298
21330
21363
21395
21427
21459
21491
21524
21556
21588
21620
21653
21685
21717
21749
21782
21814
21846
21878
21911
21943
21975
22007
22039
22072
22104
22136
22168
22201
22233
22265
22297
22330
22362
22394
22426
22458
22491
22523
22555
22587
22620
22652
22684
22716
22749
22781
22813
22845
22877
22910
22942
22974
23006
23039
23071
23103
23135
23168
23200
23232
23264
23296
23329
23361
23393
23425
23458
23490
23522
23554
23587
23619
23651
23683
23716
23748
23780
23812
23844
23877
23909
23941
23973
24006
24038
24070
24102
24135
24167
24199
24231
24263
24296
24328
24360
24394
24412
24431
24449
24467
24486
24504
24523
24541
24559
24578
24596
24615
24633
24651
24670
24688
24707
24725
24743
24762
24780
24798
24817
24835
24854
24872
24890
24909
24927
24946
24964
24982
25001
25019
25038
25056
25074
25093
25111
25130
25148
25166
25185
25203
25221
25240
25258
25277
25295
25313
25332
25350
25369
25387
25405
25424
25442
25461
25479
25497
25516
25534
25552
25571
25589
25608
25626
25644
25663
25681
25700
25718
25736
25755
25773
25792
25810
25828
25847
25865
25884
25902
25920
25939
25957
25975
25994
26012
26031
26049
26067
26086
26104
26123
26141
26159
26178
26196
26215
26233
26251
26270
26288
26307
26325
26343
26362
26380
26398
26417
26435
26454
26472
26490
26509
26527
26546
26564
26582
26601
26619
26638
26656
26674
26693
26711
26729
26748
26766
26785
26809
26832
26855
26877
26900
26923
26945
26968
26991
27013
27036
27059
27081
27104
27127
27149
27172
27195
27217
27240
27263
27285
27308
27331
27353
27376
27399
27421
27444
27467
27489
27512
27535
27557
27580
27603
27625
27648
27671
27693
27716
27739
27761
27784
27807
27829
27852
27875
27897
27920
27943
27965
27988
28011
28033
28056
28079
28101
28124
28147
28169
28192
28215
28237
28260
28283
28305
28328
28351
28373
28396
28419
28441
28464
28487
28509
28532
28555
28577
28600
28623
28645
28668
28691
28713
28736
28759
28781
28804
28827
28849
28872
28895
28917
28940
28963
28985
29008
29031
29053
29076
29099
29121
29144
29167
29189
29224
29241
29259
29276
29293
29311
29328
29345
29363
29380
29397
29415
29432
29449
29467
29484
29502
29519
29536
29554
29571
29588
29606
29623
29640
29658
29675
29692
29710
29727
29745
29762
29779
29797
29814
29831
29849
29866
29883
29901
29918
29935
29953
29970
29987
30005
30022
30040
30057
30074
30092
30109
30126
30144
30161
30178
30196
30213
30230
30248
30265
30283
30300
30317
30335
30352
30369
30387
30404
30421
30439
30456
30473
30491
30508
30525
30543
30560
30578
30595
30612
30630
30647
30664
30682
30699
30716
30734
30751
30768
30786
30803
30821
30838
30855
30873
30890
30907
30925
30942
30959
30977
30994
31011
31029
31046
31063
31081
31098
31116
31133
31150
31168
31185
31202
31220
31237
31254
31272
31289
31306
31324
31341
31359
31376
31393
31411
31428
31445
31463
31480
31497
31515
31532
31549
31567
31585
31603
31620
31638
31656
31673
31691
31709
31726
31744
31762
31779
31797
31815
31832
31850
31868
31885
31903
31921
31938
31956
31974
31991
32009
32027
32044
32062
32080
32097
32115
32133
32150
32168
32186
32203
32221
32239
32256
32274
32292
32309
32327
32345
32362
32380
32398
32415
32433
32451
32468
32486
32503
32521
32539
32556
32574
32592
32609
32627
32645
32662
32680
32698
32715
32733
32751
32768
32786
32804
32821
32839
32857
32874
32892
32910
32927
32945
32963
32980
32998
33016
33033
33051
33069
33086
33104
33122
33139
33157
33175
33192
33210
33228
33245
33263
33281
33298
33316
33334
33351
33369
33387
33404
33422
33439
33457
33475
33492
33510
33528
33545
33563
33581
33598
33616
33634
33651
33669
33687
33704
33722
33740
33757
33774
33791
33808
33825
33842
33859
33875
33892
33909
33926
33943
33960
33976
33993
34010
34027
34044
34061
34078
34094
34111
34128
34145
34162
34179
34195
34212
34229
34246
34263
34280
34297
34313
34330
34347
34364
34381
34398
34414
34431
34448
34465
34482
34499
34516
34532
34549
34566
34583
34600
34617
34633
34650
34667
34684
34701
34718
34734
34751
34768
34785
34802
34819
34836
34852
34869
34886
34903
34920
34937
34953
34970
34987
35004
35021
35038
35055
35071
35088
35105
35122
35139
35156
35172
35189
35206
35223
35240
35257
35274
35290
35307
35324
35341
35358
35375
35391
35408
35425
35442
35459
35476
35492
35509
35526
35543
35560
35577
35594
35610
35627
35644
35661
35678
35695
35711
35728
35745
35762
35779
35796
35813
35829
35846
35863
35880
35897
35914
35930
35947
35964
35981
35998
36013
36028
36042
36057
36072
36086
36101
36116
36130
36145
36159
36174
36189
36203
36218
36233
36247
36262
36276
36291
36306
36320
36335
36350
36364
36379
36393
36408
36423
36437
36452
36467
36481
36496
36511
36525
36540
36554
36569
36584
36598
36613
36628
36642
36657
36671
36686
36701
36715
36730
36745
36759
36774
36788
36803
36818
36832
36847
36862
36876
36891
36906
36920
36935
36949
36964
36979
36993
37008
37023
37037
37052
37066
37081
37096
37110
37125
37140
37154
37169
37183
37198
37213
37227
37242
37257
37271
37286
37301
37315
37330
37344
37359
37374
37388
37403
37418
37432
37447
37461
37476
37491
37505
37520
37535
37549
37564
37578
37593
37608
37630
37650
37671
37691
37712
37732
37753
37773
37794
37814
37835
37855
37876
37896
37917
37937
37958
37978
37998
38019
38039
38060
38080
38101
38121
38142
38162
38183
38203
38224
38244
38265
38285
38306
38326
38347
38367
38387
38408
38428
38449
38469
38490
38510
38531
38551
38572
38592
38613
38633
38654
38674
38695
38715
38736
38756
38776
38797
38817
38838
38858
38879
38899
38920
38940
38961
38981
39002
39022
39043
39063
39084
39104
39124
39145
39165
39186
39206
39227
39247
39268
39288
39309
39329
39350
39370
39391
39411
39432
39452
39473
39493
39513
39534
39554
39575
39595
39616
39636
39657
39677
39698
39718
39739
39759
39780
39800
39821
39841
39862
39882
39902
39923
39943
39964
39984
40005
40025
40046
40066
40087
40107
40128
40148
40169
40189
40210
40241
40253
40265
40277
40289
40300
40312
40324
40336
40348
40360
40371
40383
40395
40407
40419
40430
40442
40454
40466
40478
40490
40501
40513
40525
40537
40549
40560
40572
40584
40596
40608
40620
40631
40643
40655
40667
40679
40690
40702
40714
40726
40738
40750
40761
40773
40785
40797
40809
40820
40832
40844
40856
40868
40880
40891
40903
40915
40927
40939
40950
40962
40974
40986
40998
41010
41021
41033
41045
41057
41069
41080
41092
41104
41116
41128
41140
41151
41163
41175
41187
41199
41210
41222
41234
41246
41258
41270
41281
41293
41305
41317
41329
41340
41352
41364
41376
41388
41400
41411
41423
41435
41447
41459
41470
41482
41494
41506
41518
41530
41541
41553
41565
41577
41589
41600
41612
41624
41640
41649
41658
41667
41676
41685
41694
41703
41713
41722
41731
41740
41749
41758
41767
41776
41786
41795
41804
41813
41822
41831
41840
41849
41858
41868
41877
41886
41895
41904
41913
41922
41931
41941
41950
41959
41968
41977
41986
41995
42004
42014
42023
42032
42041
42050
42059
42068
42077
42086
42096
42105
42114
42123
42132
42141
42150
42159
42169
42178
42187
42196
42205
42214
42223
42232
42242
42251
42260
42269
42278
42287
42296
42305
42314
42324
42333
42342
42351
42360
42369
42378
42387
42397
42406
42415
42424
42433
42442
42451
42460
42470
42479
42488
42497
42506
42515
42524
42533
42542
42552
42561
42570
42579
42588
42597
42606
42615
42625
42634
42643
42652
42661
42670
42679
42688
42698
42707
42716
42725
42734
42743
42752
42761
42770
42780
42789
42798
42807
42816
42834
42846
42859
42871
42883
42896
42908
42920
42933
42945
42957
42970
42982
42994
43007
43019
43031
43044
43056
43069
43081
43093
43106
43118
43130
43143
43155
43167
43180
43192
43204
43217
43229
43241
43254
43266
43279
43291
43303
43316
43328
43340
43353
43365
43377
43390
43402
43414
43427
43439
43451
43464
43476
43489
43501
43513
43526
43538
43550
43563
43575
43587
43600
43612
43624
43637
43649
43661
43674
43686
43699
43711
43723
43736
43748
43760
43773
43785
43797
43810
43822
43834
43847
43859
43871
43884
43896
43909
43921
43933
43946
43958
43970
43983
43995
44016
44031
44046
44061
44076
44091
44106
44121
44136
44151
44166
44181
44196
44211
44226
44240
44255
44270
44285
44300
44315
44330
44345
44360
44375
44390
44405
44420
44435
44450
44464
44479
44494
44509
44524
44539
44554
44569
44584
44599
44614
44629
44644
44659
44674
44688
44703
44718
44733
44748
44763
44778
44793
44808
44823
44838
44853
44868
44883
44898
44912
44927
44942
44957
44972
44987
45002
45017
45032
45047
45062
45077
45092
45107
45122
45136
45151
45166
45181
45196
45211
45226
45241
45256
45271
45286
45301
45316
45331
45346
45360
45375
45390
45405
45420
45435
45450
45465
45480
45495
45510
45525
45540
45555
45570
45584
45599
45614
45629
45644
45659
45674
45689
45704
45719
45734
45749
45764
45779
45794
45808
45823
45838
45853
45868
45883
45898
45913
45928
45943
45958
45973
45988
46003
46018
46033
46047
46062
46087
46102
46116
46131
46145
46160
46174
46189
46204
46218
46233
46247
46262
46276
46291
46305
46320
46335
46349
46364
46378
46393
46407
46422
46436
46451
46466
46480
46495
46509
46524
46538
46553
46568
46582
46597
46611
46626
46640
46655
46669
46684
46699
46713
46728
46742
46757
46771
46786
46800
46815
46830
46844
46859
46873
46888
46902
46917
46932
46946
46961
46975
46990
47004
47019
47033
47048
47063
47077
47092
47106
47121
47135
47150
47164
47179
47194
47208
47223
47237
47252
47266
47281
47298
47313
47328
47343
47358
47372
47387
47402
47417
47432
47446
47461
47476
47491
47506
47521
47535
47550
47565
47580
47595
47609
47624
47639
47654
47669
47683
47698
47713
47728
47743
47758
47772
47787
47802
47817
47832
47846
47861
47876
47891
47906
47920
47935
47950
47965
47980
47995
48009
48024
48039
48054
48069
48083
48098
48113
48128
48143
48157
48172
48187
48202
48217
48232
48246
48261
48276
48291
48306
48320
48335
48350
48365
48380
48394
48409
48424
48439
48454
48469
48483
48498
48513
48528
48543
48557
48572
48587
48602
48617
48631
48646
48661
48676
48691
48706
48720
48735
48750
48765
48780
48794
48809
48824
48839
48855
48866
48877
48888
48899
48910
48921
48932
48943
48954
48965
48976
48988
48999
49010
49021
49032
49043
49054
49065
49076
49087
49098
49109
49120
49132
49143
49154
49165
49176
49187
49198
49209
49220
49231
49242
49253
49264
49276
49287
49298
49309
49320
49331
49342
49353
49364
49375
49386
49397
49408
49420
49431
49442
49453
49464
49475
49486
49497
49508
49519
49530
49541
49553
49564
49575
49586
49597
49608
49619
49630
49641
49652
49663
49674
49685
49697
49708
49719
49730
49741
49752
49763
49774
49785
49796
49807
49818
49829
49841
49852
49863
49874
49885
49896
49907
49918
49929
49940
49951
49962
49973
49985
49996
50007
50018
50029
50040
50051
50062
50073
50084
50095
50106
50118
50129
50140
50151
50162
50173
50184
50195
50206
50217
50228
50239
50250
50262
50273
50284
50298
50311
50324
50337
50350
50363
50376
50389
50402
50415
50428
50441
50454
50467
50480
50493
50506
50519
50532
50545
50558
50571
50584
50597
50610
50623
50636
50649
50662
50675
50688
50701
50714
50727
50740
50753
50766
50779
50792
50805
50818
50831
50844
50857
50870
50883
50896
50909
50922
50935
50948
50961
50975
50988
51001
51014
51027
51040
51053
51066
51079
51092
51105
51118
51131
51144
51157
51170
51183
51196
51209
51222
51235
51248
51261
51274
51287
51300
51313
51326
51339
51352
51365
51378
51391
51404
51417
51430
51443
51456
51469
51482
51495
51508
51521
51534
51547
51560
51573
51586
51599
51612
51625
51638
51651
51665
51678
51691
51704
51717
51730
51743
51756
51769
51782
51795
51808
51821
51834
51847
51860
51873
51886
51899
51912
51925
51938
51951
51964
51977
51990
52003
52016
52029
52042
52055
52068
52081
52094
52107
52125
52136
52147
52158
52169
52180
52191
52201
52212
52223
52234
52245
52256
52267
52278
52288
52299
52310
52321
52332
52343
52354
52365
52375
52386
52397
52408
52419
52430
52441
52452
52462
52473
52484
52495
52506
52517
52528
52539
52549
52560
52571
52582
52593
52604
52615
52626
52636
52647
52658
52669
52680
52691
52702
52713
52723
52734
52745
52756
52767
52778
52789
52800
52810
52821
52832
52843
52854
52865
52876
52887
52897
52908
52919
52930
52941
52952
52963
52974
52984
52995
53006
53017
53028
53039
53050
53061
53071
53082
53093
53104
53115
53126
53137
53148
53158
53169
53180
53191
53202
53213
53224
53235
53245
53256
53267
53278
53289
53300
53311
53322
53332
53343
53354
53365
53376
53387
53398
53409
53419
53430
53441
53452
53463
53474
53485
53505
53515
53526
53536
53547
53557
53568
53578
53589
53599
53610
53620
53631
53641
53652
53662
53673
53683
53694
53704
53715
53725
53735
53746
53756
53767
53777
53788
53798
53809
53819
53830
53840
53851
53861
53872
53882
53893
53903
53914
53924
53935
53945
53955
53966
53976
53987
53997
54008
54018
54029
54039
54050
54060
54071
54081
54092
54102
54113
54123
54134
54144
54155
54165
54176
54186
54196
54207
54217
54228
54238
54249
54259
54270
54280
54291
54301
54312
54322
54333
54343
54354
54364
54375
54385
54396
54406
54416
54427
54437
54448
54458
54469
54479
54490
54500
54511
54521
54532
54542
54553
54563
54574
54584
54595
54605
54616
54626
54636
54647
54657
54668
54678
54689
54699
54710
54720
54731
54741
54752
54762
54773
54783
54794
54804
54815
54825
54835
54844
54853
54862
54871
54880
54889
54898
54907
54916
54925
54934
54944
54953
54962
54971
54980
54989
54998
55007
55016
55025
55034
55043
55053
55062
55071
55080
55089
55098
55107
55116
55125
55134
55143
55152
55162
55171
55180
55189
55198
55207
55216
55225
55234
55243
55252
55261
55271
55280
55289
55298
55307
55316
55325
55334
55343
55352
55361
55370
55380
55389
55398
55407
55416
55425
55434
55443
55452
55461
55470
55479
55489
55498
55507
55516
55525
55534
55543
55552
55561
55570
55585
55594
55603
55612
55621
55630
55639
55648
55657
55666
55675
55684
55693
55703
55712
55721
55730
55739
55748
55757
55766
55775
55784
55793
55802
55811
55820
55830
55839
55848
55857
55866
55875
55884
55893
55902
55911
55920
55929
55938
55947
55957
55966
55975
55984
55993
56002
56011
56020
56029
56038
56047
56056
56065
56074
56084
56093
56102
56111
56120
56129
56138
56147
56156
56165
56174
56183
56192
56201
56211
56220
56229
56238
56247
56256
56265
56274
56283
56292
56301
56310
56319
56328
56338
56347
56356
56365
56374
56383
56392
56401
56410
56419
56428
56437
56446
56455
56465
56474
56483
56492
56501
56510
56519
56528
56537
56546
56555
56564
56573
56582
56592
56601
56610
56619
56628
56637
56646
56655
56664
56673
56682
56691
56700
56709
56719
56728
56737
56746
56755
56764
56773
56782
56791
56800
56809
56818
56827
56836
56846
56855
56864
56873
56882
56891
56900
56917
56928
56940
56951
56963
56974
56986
56997
57009
57020
57032
57043
57055
57066
57078
57089
57101
57112
57124
57135
57147
57158
57170
57181
57193
57204
57216
57227
57239
57250
57262
57273
57285
57296
57308
57319
57331
57342
57354
57365
57377
57388
57400
57411
57423
57434
57446
57457
57469
57480
57492
57503
57515
57526
57538
57549
57561
57572
57584
57595
57607
57618
57630
57641
57653
57664
57676
57687
57699
57710
57722
57733
57745
57756
57768
57779
57791
57802
57814
57825
57837
57848
57860
57871
57883
57894
57906
57917
57929
57940
57952
57963
57975
57986
57998
58009
58021
58032
58044
58055
58067
58078
58090
58101
58113
58124
58136
58147
58159
58170
58182
58193
58205
58216
58228
58239
58251
58262
58274
58285
58297
58308
58320
58331
58343
58354
58366
58377
58389
58400
58412
58423
58435
58446
58458
58469
58481
58492
58504
58517
58528
58540
58551
58562
58574
58585
58596
58608
58619
58630
58642
58653
58664
58676
58687
58698
58710
58721
58732
58744
58755
58767
58778
58789
58801
58812
58823
58835
58846
58857
58869
58880
58891
58903
58914
58925
58937
58948
58959
58971
58982
58993
59005
59016
59028
59039
59050
59062
59073
59084
59096
59107
59118
59130
59141
59152
59164
59175
59186
59198
59209
59220
59232
59243
59254
59266
59277
59289
59300
59311
59323
59334
59345
59357
59368
59379
59391
59402
59413
59425
59436
59447
59459
59470
59481
59493
59504
59515
59527
59538
59550
59561
59572
59584
59595
59606
59618
59629
59640
59652
59663
59674
59686
59697
59708
59720
59731
59742
59754
59765
59776
59788
59799
59811
59822
59837
59848
59858
59869
59879
59890
59900
59911
59921
59932
59942
59953
59963
59974
59984
59995
60005
60016
60026
60037
60047
60058
60068
60079
60089
60100
60110
60121
60131
60142
60152
60163
60173
60184
60194
60205
60215
60226
60236
60247
60257
60268
60278
60289
60299
60310
60320
60331
60341
60352
60362
60373
60383
60394
60404
60415
60425
60436
60446
60457
60467
60478
60488
60499
60509
60520
60530
60541
60551
60562
60572
60583
60593
60604
60614
60625
60635
60646
60656
60667
60677
60688
60698
60709
60719
60730
60740
60751
60761
60772
60782
60793
60803
60814
60824
60835
60845
60856
60866
60877
60887
60898
60908
60919
60929
60940
60950
60961
60971
60986
60996
61005
61015
61025
61034
61044
61054
61063
61073
61083
61092
61102
61112
61121
61131
61141
61150
61160
61170
61179
61189
61199
61208
61218
61228
61237
61247
61257
61266
61276
61286
61295
61305
61314
61324
61334
61343
61353
61363
61372
61382
61392
61401
61411
61421
61430
61440
61450
61459
61469
61479
61488
61498
61508
61517
61527
61537
61546
61556
61566
61575
61585
61595
61604
61614
61623
61633
61643
61652
61662
61672
61681
61691
61701
61710
61720
61730
61739
61749
61759
61768
61778
61788
61797
61807
61817
61826
61836
61846
61855
61865
61875
61884
61894
61904
61913
61923
61932
61942
61952
61961
61971
61981
61990
62000
62010
62019
62029
62039
62048
62058
62068
62077
62087
62097
62106
62116
62126
62135
62145
62155
62164
62174
62184
62193
62203
62213
62222
62232
62241
62251
62268
62280
62292
62304
62316
62328
62340
62351
62363
62375
62387
62399
62411
62423
62434
62446
62458
62470
62482
62494
62506
62518
62529
62541
62553
62565
62577
62589
62601
62612
62624
62636
62648
62660
62672
62684
62696
62707
62719
62731
62743
62755
62767
62779
62790
62802
62814
62826
62838
62850
62862
62874
62885
62897
62909
62921
62933
62945
62957
62968
62980
62992
63004
63016
63028
63040
63052
63063
63075
63087
63099
63111
63123
63135
63146
63158
63170
63182
63194
63206
63218
63230
63241
63253
63265
63277
63289
63301
63313
63324
63336
63348
63360
63372
63384
63396
63408
63419
63431
63443
63455
63467
63479
63491
63502
63514
63526
63538
63550
63562
63574
63585
63597
63609
63621
63633
63645
63657
63669
63680
63692
63704
63716
63728
63739
63750
63761
63772
63782
63793
63804
63815
63826
63837
63847
63858
63869
63880
63891
63901
63912
63923
63934
63945
63956
63966
63977
63988
63999
64010
64020
64031
64042
64053
64064
64075
64085
64096
64107
64118
64129
64139
64150
64161
64172
64183
64194
64204
64215
64226
64237
64248
64259
64269
64280
64291
64302
64313
64323
64334
64345
64356
64367
64378
64388
64399
64410
64421
64432
64442
64453
64464
64475
64486
64497
64507
64518
64529
64540
64551
64561
64572
64583
64594
64605
64616
64626
64637
64648
64659
64670
64681
64691
64702
64713
64724
64735
64745
64756
64767
64778
64789
64800
64810
64821
64832
64843
64854
64864
64875
64886
64897
64908
64919
64929
64940
64951
64962
64973
64983
64994
65005
65016
65027
65038
65048
65059
65070
65081
65092
65103
65113
65124
65135
65146
65157
65167
65178
65189
65200
65211
65222
65232
65243
65254
65265
65276
65286
65297
65308
65319
65330
65349
65359
65369
65379
65390
65400
65410
65420
65430
65441
65451
65461
65471
65481
65492
65502
65512
65522
65533
65543
65553
65563
65573
65584
65594
65604
65614
65624
65635
65645
65655
65665
65675
65686
65696
65706
65716
65727
65737
65747
65757
65767
65778
65788
65798
65808
65818
65829
65839
65849
65859
65870
65880
65890
65900
65910
65921
65931
65941
65951
65961
65972
65982
65992
66002
66012
66023
66033
66043
66053
66064
66074
66084
66094
66104
66115
66125
66135
66145
66155
66166
66176
66186
66196
66207
66217
66227
66237
66247
66258
66268
66278
66288
66298
66309
66319
66329
66339
66349
66360
66370
66380
66390
66401
66411
66421
66431
66441
66452
66462
66472
66482
66492
66503
66513
66523
66533
66544
66554
66564
66574
66584
66595
66605
66621
66634
66647
66660
66673
66685
66698
66711
66724
66737
66749
66762
66775
66788
66801
66813
66826
66839
66852
66865
66877
66890
66903
66916
66929
66942
66954
66967
66980
66993
67006
67018
67031
67044
67057
67070
67082
67095
67108
67121
67134
67146
67159
67172
67185
67198
67210
67223
67236
67249
67262
67275
67287
67300
67313
67326
67339
67351
67364
67377
67390
67403
67415
67428
67441
67454
67467
67479
67492
67505
67518
67531
67544
67556
67569
67582
67595
67608
67620
67633
67646
67659
67672
67684
67697
67710
67723
67736
67748
67761
67774
67787
67800
67812
67825
67838
67851
67864
67877
67889
67902
67915
67928
67941
67953
67966
67979
67992
68005
68017
68030
68043
68056
68069
68081
68094
68107
68120
68133
68145
68158
68169
68179
68189
68199
68209
68219
68229
68239
68250
68260
68270
68280
68290
68300
68310
68320
68331
68341
68351
68361
68371
68381
68391
68401
68412
68422
68432
68442
68452
68462
68472
68482
68492
68503
68513
68523
68533
68543
68553
68563
68573
68584
68594
68604
68614
68624
68634
68644
68654
68665
68675
68685
68695
68705
68715
68725
68735
68745
68756
68766
68776
68786
68796
68806
68816
68826
68837
68847
68857
68867
68877
68887
68897
68907
68918
68928
68938
68948
68958
68968
68978
68988
68998
69009
69019
69029
69039
69049
69059
69069
69079
69090
69100
69110
69120
69130
69140
69150
69160
69171
69181
69191
69201
69211
69221
69231
69241
69251
69262
69272
69282
69292
69302
69312
69322
69332
69343
69353
69363
69373
69383
69393
69403
69413
69424
69434
69444
69454
69471
69484
69497
69510
69523
69536
69549
69562
69575
69588
69601
69614
69627
69640
69653
69666
69679
69692
69705
69718
69731
69744
69757
69770
69783
69795
69808
69821
69834
69847
69860
69873
69886
69899
69912
69925
69938
69951
69964
69977
69990
70003
70016
70029
70042
70055
70068
70081
70094
70107
70119
70132
70145
70158
70171
70184
70197
70210
70223
70236
70249
70262
70275
70288
70301
70314
70327
70340
70353
70366
70379
70392
70405
70418
70431
70443
70456
70469
70482
70495
70508
70521
70534
70547
70560
70573
70586
70599
70612
70625
70638
70651
70664
70677
70690
70703
70716
70729
70742
70755
70767
70780
70793
70806
70819
70832
70845
70858
70871
70884
70897
70910
70923
70936
70949
70962
70975
70988
71001
71014
71027
71040
71053
71066
71084
71098
71113
71127
71142
71156
71171
71185
71199
71214
71228
71243
71257
71272
71286
71300
71315
71329
71344
71358
71373
71387
71401
71416
71430
71445
71459
71474
71488
71502
71517
71531
71546
71560
71575
71589
71603
71618
71632
71647
71661
71676
71690
71704
71719
71733
71748
71762
71777
71791
71805
71820
71834
71849
71863
71878
71892
71907
71921
71935
71950
71964
71979
71993
72008
72022
72036
72051
72065
72080
72094
72109
72123
72137
72152
72166
72181
72195
72210
72224
72238
72253
72267
72282
72296
72311
72325
72339
72354
72368
72383
72397
72412
72426
72440
72455
72469
72484
72498
72513
72527
72541
72556
72570
72585
72599
72614
72628
72643
72657
72671
72686
72700
72715
72729
72744
72758
72772
72787
72801
72816
72830
72845
72859
72873
72888
72902
72917
72931
72958
72977
72996
73015
73034
73053
73072
73091
73110
73129
73148
73167
73185
73204
73223
73242
73261
73280
73299
73318
73337
73356
73375
73394
73412
73431
73450
73469
73488
73507
73526
73545
73564
73583
73602
73621
73639
73658
73677
73696
73715
73734
73753
73772
73791
73810
73829
73848
73866
73885
73904
73923
73942
73961
73980
73999
74018
74037
74056
74075
74093
74112
74131
74150
74169
74188
74207
74226
74245
74264
74283
74302
74320
74339
74358
74377
74396
74415
74434
74453
74472
74491
74510
74529
74547
74566
74585
74604
74623
74642
74661
74680
74699
74718
74737
74756
74774
74793
74812
74831
74850
74869
74888
74907
74926
74945
74964
74994
75009
75023
75038
75052
75067
75081
75096
75110
75125
75139
75154
75168
75183
75197
75212
75227
75241
75256
75270
75285
75299
75314
75328
75343
75357
75372
75386
75401
75415
75430
75445
75459
75474
75488
75503
75517
75532
75546
75561
75575
75590
75604
75619
75633
75648
75663
75677
75692
75706
75721
75735
75750
75764
75779
75793
75808
75822
75837
75851
75866
75881
75895
75910
75924
75939
75953
75968
75982
75997
76011
76026
76040
76055
76069
76084
76099
76113
76128
76142
76157
76171
76186
76200
76215
76229
76244
76258
76273
76287
76302
76316
76331
76346
76360
76375
76389
76404
76418
76433
76447
76462
76476
76491
76505
76520
76534
76549
76564
76578
76593
76607
76622
76636
76651
76665
76680
76694
76709
76723
76738
76752
76767
76782
76796
76811
76825
76840
76854
76869
76883
76898
76912
76927
76941
76956
76970
76985
77000
77014
77029
77043
77058
77072
77096
77111
77126
77142
77157
77172
77188
77203
77218
77234
77249
77264
77279
77295
77310
77325
77341
77356
77371
77387
77402
77417
77432
77448
77463
77478
77494
77509
77524
77540
77555
77570
77585
77601
77616
77631
77647
77662
77677
77693
77708
77723
77738
77754
77769
77784
77800
77815
77830
77846
77861
77876
77891
77907
77922
77937
77953
77968
77983
77999
78014
78029
78044
78060
78075
78090
78106
78121
78136
78152
78167
78182
78197
78213
78228
78243
78259
78274
78289
78305
78320
78335
78350
78366
78381
78396
78412
78427
78442
78458
78473
78488
78503
78519
78534
78549
78565
78580
78595
78611
78626
78641
78657
78672
78687
78702
78718
78733
78748
78764
78779
78794
78810
78825
78840
78855
78871
78886
78901
78917
78932
78947
78963
78987
79003
79020
79036
79052
79069
79085
79101
79118
79134
79150
79167
79183
79199
79216
79232
79248
79265
79281
79297
79314
79330
79346
79363
79379
79395
79412
79428
79445
79461
79477
79494
79510
79526
79543
79559
79575
79592
79608
79624
79641
79657
79673
79690
79706
79722
79739
79755
79771
79788
79804
79820
79837
79853
79869
79886
79902
79919
79935
79951
79968
79984
80000
80017
80033
80049
80066
80082
80098
80115
80131
80147
80164
80180
80196
80213
80229
80245
80262
80278
80294
80311
80327
80343
80360
80376
80393
80409
80425
80442
80458
80474
80491
80507
80523
80540
80556
80572
80589
80605
80621
80638
80654
80670
80687
80703
80719
80736
80752
80768
80785
80801
80817
80834
80850
80867
80883
80899
80916
80932
80948
80965
80981
80997
81029
81048
81067
81086
81105
81123
81142
81161
81180
81199
81217
81236
81255
81274
81293
81312
81330
81349
81368
81387
81406
81424
81443
81462
81481
81500
81518
81537
81556
81575
81594
81613
81631
81650
81669
81688
81707
81725
81744
81763
81782
81801
81820
81838
81857
81876
81895
81914
81932
81951
81970
81989
82008
82026
82045
82064
82083
82102
82121
82139
82158
82177
82196
82215
82233
82252
82271
82290
82309
82327
82346
82365
82384
82403
82422
82440
82459
82478
82497
82516
82534
82553
82572
82591
82610
82629
82647
82666
82685
82704
82723
82741
82760
82779
82798
82817
82835
82854
82873
82892
82911
82930
82948
82967
82986
83005
83024
83042
83061
83080
83099
83118
83136
83155
83174
83193
83212
83231
83249
83268
83287
83329
83357
83384
83412
83439
83467
83494
83522
83549
83577
83604
83632
83659
83687
83715
83742
83770
83797
83825
83852
83880
83907
83935
83962
83990
84017
84045
84073
84100
84128
84155
84183
84210
84238
84265
84293
84320
84348
84375
84403
84431
84458
84486
84513
84541
84568
84596
84623
84651
84678
84706
84733
84761
84789
84816
84844
84871
84899
84926
84954
84981
85009
85036
85064
85091
85119
85147
85174
85202
85229
85257
85284
85312
85339
85367
85394
85422
85449
85477
85505
85532
85560
85587
85615
85642
85670
85697
85725
85752
85780
85807
85835
85863
85890
85918
85945
85973
86000
86028
86055
86083
86110
86138
86165
86193
86221
86248
86276
86303
86331
86358
86386
86413
86441
86468
86496
86523
86551
86579
86605
86629
86653
86677
86701
86725
86749
86773
86797
86821
86844
86868
86892
86916
86940
86964
86988
87012
87036
87060
87083
87107
87131
87155
87179
87203
87227
87251
87275
87299
87322
87346
87370
87394
87418
87442
87466
87490
87514
87538
87561
87585
87609
87633
87657
87681
87705
87729
87753
87777
87800
87824
87848
87872
87896
87920
87944
87968
87992
88016
88039
88063
88087
88111
88135
88159
88183
88207
88231
88255
88278
88302
88326
88350
88374
88398
88422
88446
88470
88494
88517
88541
88565
88589
88613
88637
88661
88685
88709
88733
88756
88780
88804
88828
88852
88876
88900
88924
88948
88972
88995
89019
89043
89067
89091
89115
89139
89163
89187
89211
89234
89258
89282
89306
89330
89354
89378
89402
89426
89450
89473
89497
89521
89545
89569
89593
89617
89641
89665
89689
89723
89745
89767
89789
89811
89833
89855
89877
89899
89921
89943
89965
89987
90009
90031
90052
90074
90096
90118
90140
90162
90184
90206
90228
90250
90272
90294
90316
90338
90360
90381
90403
90425
90447
90469
90491
90513
90535
90557
90579
90601
90623
90645
90667
90689
90711
90732
90754
90776
90798
90820
90842
90864
90886
90908
90930
90952
90974
90996
91018
91040
91061
91083
91105
91127
91149
91171
91193
91215
91237
91259
91281
91303
91325
91347
91369
91391
91412
91434
91456
91478
91500
91522
91544
91566
91588
91610
91632
91654
91676
91698
91720
91741
91763
91785
91807
91829
91851
91873
91895
91917
91939
91961
91983
92005
92027
92049
92070
92092
92114
92136
92158
92180
92202
92224
92246
92268
92290
92312
92334
92378
92403
92428
92453
92479
92504
92529
92554
92580
92605
92630
92655
92681
92706
92731
92756
92781
92807
92832
92857
92882
92908
92933
92958
92983
93009
93034
93059
93084
93109
93135
93160
93185
93210
93236
93261
93286
93311
93337
93362
93387
93412
93438
93463
93488
93513
93538
93564
93589
93614
93639
93665
93690
93715
93740
93766
93791
93816
93841
93866
93892
93917
93942
93967
93993
94018
94043
94068
94094
94119
94144
94169
94194
94220
94245
94270
94295
94321
94346
94371
94396
94422
94447
94472
94497
94523
94548
94573
94598
94623
94649
94674
94699
94724
94750
94775
94800
94825
94851
94876
94901
94926
94951
94977
95002
95027
95052
95078
95103
95128
95153
95179
95210
95227
95245
95262
95279
95297
95314
95332
95349
95366
95384
95401
95419
95436
95453
95471
95488
95506
95523
95540
95558
95575
95593
95610
95627
95645
95662
95680
95697
95714
95732
95749
95766
95784
95801
95819
95836
95853
95871
95888
95906
95923
95940
95958
95975
95993
96010
96027
96045
96062
96080
96097
96114
96132
96149
96167
96184
96201
96219
96236
96253
96271
96288
96306
96323
96340
96358
96375
96393
96410
96427
96445
96462
96480
96497
96514
96532
96549
96567
96584
96601
96619
96636
96654
96671
96688
96706
96723
96740
96758
96775
96793
96810
96827
96845
96862
96880
96897
96914
96932
96949
96967
96984
97001
97019
97036
97054
97071
97088
97106
97123
97141
97158
97175
97193
97210
97227
97245
97262
97280
97297
97314
97332
97349
97367
97384
97407
97421
97435
97449
97462
97476
97490
97504
97518
97531
97545
97559
97573
97587
97600
97614
97628
97642
97655
97669
97683
97697
97711
97724
97738
97752
97766
97780
97793
97807
97821
97835
97848
97862
97876
97890
97904
97917
97931
97945
97959
97973
97986
98000
98014
98028
98041
98055
98069
98083
98097
98110
98124
98138
98152
98166
98179
98193
98207
98221
98235
98248
98262
98276
98290
98303
98317
98331
98345
98359
98372
98386
98400
98414
98428
98441
98455
98469
98483
98496
98510
98524
98538
98552
98565
98579
98593
98607
98621
98634
98648
98662
98676
98689
98703
98717
98731
98745
98758
98772
98786
98800
98814
98827
98841
98855
98869
98883
98896
98910
98924
98938
98951
98965
98979
98993
99007
99020
99034
99048
99062
99076
99089
99103
99117
99131
99144
99158
99172
99186
99200
99213
99226
99239
99252
99265
99278
99291
99304
99316
99329
99342
99355
99368
99381
99394
99406
99419
99432
99445
99458
99471
99484
99497
99509
99522
99535
99548
99561
99574
99587
99599
99612
99625
99638
99651
99664
99677
99690
99702
99715
99728
99741
99754
99767
99780
99792
99805
99818
99831
99844
99857
99870
99882
99895
99908
99921
99934
99947
99960
99973
99985
99998
100011
100024
100037
100050
100063
100075
100088
100101
100114
100127
100140
100153
100166
100178
100191
100204
100217
100230
100243
100256
100268
100281
100294
100307
100320
100333
100346
100358
100371
100384
100397
100410
100423
100436
100449
100461
100474
100487
100500
100513
100526
100539
100551
100564
100577
100590
100603
100616
100629
100642
100654
100667
100680
100693
100706
100724
100734
100744
100754
100765
100775
100785
100795
100806
100816
100826
100836
100847
100857
100867
100877
100888
100898
100908
100918
100929
100939
100949
100959
100970
100980
100990
101000
101011
101021
101031
101041
101052
101062
101072
101082
101093
101103
101113
101123
101134
101144
101154
101164
101175
101185
101195
101205
101216
101226
101236
101246
101257
101267
101277
101287
101297
101308
101318
101328
101338
101349
101359
101369
101379
101390
101400
101410
101420
101431
101441
101451
101461
101472
101482
101492
101502
101513
101523
101533
101543
101554
101564
101574
101584
101595
101605
101615
101625
101636
101646
101656
101666
101677
101687
101697
101707
101718
101728
101738
101748
101759
101769
101779
101789
101800
101810
101820
101830
101841
101851
101861
101871
101881
101892
101902
101912
101922
101933
101943
101953
101963
101974
101994
102004
102014
102024
102034
102045
102055
102065
102075
102085
102095
102106
102116
102126
102136
102146
102157
102167
102177
102187
102197
102207
102218
102228
102238
102248
102258
102268
102279
102289
102299
102309
102319
102330
102340
102350
102360
102370
102380
102391
102401
102411
102421
102431
102442
102452
102462
102472
102482
102492
102503
102513
102523
102533
102543
102553
102564
102574
102584
102594
102604
102615
102625
102635
102645
102655
102665
102676
102686
102696
102706
102716
102727
102737
102747
102757
102767
102777
102788
102798
102808
102818
102828
102838
102849
102859
102869
102879
102889
102900
102910
102920
102930
102940
102950
102961
102971
102981
102991
103001
103012
103022
103032
103042
103052
103062
103073
103083
103093
103103
103113
103123
103134
103144
103154
103164
103174
103185
103195
103205
103215
103225
103235
103255
103267
103279
103291
103302
103314
103326
103338
103349
103361
103373
103385
103396
103408
103420
103432
103443
103455
103467
103479
103490
103502
103514
103526
103538
103549
103561
103573
103585
103596
103608
103620
103632
103643
103655
103667
103679
103690
103702
103714
103726
103737
103749
103761
103773
103784
103796
103808
103820
103832
103843
103855
103867
103879
103890
103902
103914
103926
103937
103949
103961
103973
103984
103996
104008
104020
104031
104043
104055
104067
104079
104090
104102
104114
104126
104137
104149
104161
104173
104184
104196
104208
104220
104231
104243
104255
104267
104278
104290
104302
104314
104325
104337
104349
104361
104373
104384
104396
104408
104420
104431
104443
104455
104467
104478
104490
104502
104514
104525
104537
104549
104561
104572
104584
104596
104608
104620
104636
104647
104658
104669
104680
104691
104702
104713
104724
104735
104746
104757
104768
104779
104790
104801
104812
104823
104834
104845
104856
104867
104878
104889
104900
104911
104922
104933
104944
104955
104966
104977
104988
104999
105010
105021
105032
105043
105054
105065
105076
105088
105099
105110
105121
105132
105143
105154
105165
105176
105187
105198
105209
105220
105231
105242
105253
105264
105275
105286
105297
105308
105319
105330
105341
105352
105363
105374
105385
105396
105407
105418
105429
105440
105451
105462
105473
105484
105495
105506
105517
105528
105540
105551
105562
105573
105584
105595
105606
105617
105628
105639
105650
105661
105672
105683
105694
105705
105716
105727
105738
105749
105760
105771
105782
105793
105804
105815
105826
105837
105848
105859
105870
105881
105892
105903
105914
105925
105936
105947
105958
105969
105980
105992
106003
106014
106025
106036
106047
106058
106069
106080
106091
106102
106113
106124
106135
106146
106157
106168
106179
106190
106201
106220
106236
106252
106267
106283
106299
106315
106330
106346
106362
106377
106393
106409
106425
106440
106456
106472
106488
106503
106519
106535
106550
106566
106582
106598
106613
106629
106645
106661
106676
106692
106708
106723
106739
106755
106771
106786
106802
106818
106833
106849
106865
106881
106896
106912
106928
106944
106959
106975
106991
107006
107022
107038
107054
107069
107085
107101
107117
107132
107148
107164
107179
107195
107211
107227
107242
107258
107274
107290
107305
107321
107337
107352
107368
107384
107400
107415
107431
107447
107462
107478
107494
107510
107525
107541
107557
107573
107588
107604
107620
107635
107651
107667
107683
107698
107714
107730
107746
107761
107777
107793
107808
107824
107840
107856
107871
107887
107903
107918
107934
107950
107966
107981
107997
108013
108029
108044
108060
108076
108091
108107
108123
108139
108154
108178
108201
108224
108246
108269
108292
108314
108337
108360
108382
108405
108428
108450
108473
108496
108519
108541
108564
108587
108609
108632
108655
108677
108700
108723
108745
108768
108791
108814
108836
108859
108882
108904
108927
108950
108972
108995
109018
109040
109063
109086
109109
109131
109154
109177
109199
109222
109245
109267
109290
109313
109335
109358
109381
109404
109426
109449
109472
109494
109517
109540
109562
109585
109608
109630
109653
109676
109699
109721
109744
109767
109789
109812
109835
109857
109880
109903
109925
109948
109971
109994
110016
110039
110062
110084
110107
110130
110152
110175
110198
110220
110243
110266
110289
110311
110346
110366
110385
110405
110424
110444
110464
110483
110503
110522
110542
110561
110581
110601
110620
110640
110659
110679
110698
110718
110738
110757
110777
110796
110816
110835
110855
110875
110894
110914
110933
110953
110972
110992
111012
111031
111051
111070
111090
111109
111129
111149
111188
111210
111232
111254
111276
111298
111319
111341
111363
111385
111407
111429
111451
111472
111494
111516
111538
111560
111582
111604
111625
111647
111669
111691
111713
111735
111756
111778
111800
111822
111844
111866
111888
111909
111931
111953
111975
111997
112019
112041
112062
112084
112106
112128
112150
112172
112194
112215
112237
112259
112281
112303
112325
112346
112368
112390
112412
112434
112456
112478
112499
112521
112543
112565
112587
112609
112631
112652
112674
112696
112718
112740
112762
112784
112805
112827
112849
112871
112893
112915
112936
112958
112980
113002
113024
113046
113068
113089
113111
113133
113155
113177
113199
113221
113242
113264
113286
113308
113330
113352
113374
113395
113417
113439
113461
113483
113505
113526
113548
113570
113592
113614
113636
113658
113679
113701
113723
113745
113767
113789
113811
113832
113854
113876
113898
113920
113942
113964
113985
114007
114029
114051
114073
114095
114116
114138
114160
114182
114204
114226
114248
114269
114291
114313
114335
114357
114379
114401
114422
114444
114466
114488
114510
114532
114554
114575
114597
114619
114641
114663
114697
114718
114739
114760
114781
114802
114823
114844
114865
114885
114906
114927
114948
114969
114990
115011
115032
115053
115074
115094
115115
115136
115157
115178
115199
115220
115241
115262
115282
115303
115324
115345
115366
115387
115408
115429
115450
115471
115491
115512
115533
115554
115575
115596
115617
115638
115659
115680
115700
115721
115742
115763
115784
115805
115826
115847
115868
115888
115909
115930
115951
115972
115993
116014
116035
116056
116077
116097
116118
116139
116160
116181
116202
116223
116244
116265
116286
116306
116327
116348
116369
116390
116411
116432
116453
116474
116494
116515
116536
116557
116578
116599
116620
116641
116662
116683
116703
116724
116745
116766
116787
116808
116829
116850
116871
116892
116912
116933
116954
116975
116996
117017
117038
117059
117080
117100
117121
117142
117163
117195
117214
117233
117251
117270
117289
117307
117326
117345
117363
117382
117401
117420
117438
117457
117476
117494
117513
117532
117550
117569
117588
117606
117625
117644
117663
117681
117700
117719
117737
117756
117775
117793
117812
117831
117849
117868
117887
117906
117924
117943
117962
117980
117999
118018
118036
118055
118074
118092
118111
118130
118149
118167
118186
118205
118223
118242
118261
118279
118298
118317
118335
118354
118373
118392
118410
118429
118448
118466
118485
118504
118522
118541
118560
118578
118597
118616
118635
118653
118672
118691
118709
118728
118747
118765
118784
118803
118821
118840
118859
118878
118896
118915
118934
118952
118971
118990
119008
119027
119046
119064
119083
119102
119121
119139
119158
119177
119195
119214
119233
119251
119270
119289
119307
119326
119345
119364
119382
119401
119420
119438
119457
119476
119494
119513
119532
119550
119569
119603
119619
119635
119650
119666
119682
119697
119713
119729
119744
119760
119776
119791
119807
119823
119838
119854
119870
119885
119901
119917
119932
119948
119964
119979
119995
120011
120026
120042
120058
120073
120089
120105
120120
120136
120152
120167
120183
120199
120214
120230
120246
120261
120277
120293
120308
120324
120354
120370
120386
120402
120418
120434
120451
120467
120483
120499
120515
120531
120548
120564
120580
120596
120612
120628
120644
120661
120677
120693
120709
120725
120741
120758
120774
120790
120806
120822
120838
120854
120871
120887
120903
120933
120949
120965
120981
120997
121013
121029
121045
121061
121077
121093
121109
121125
121141
121157
121173
121189
121205
121221
121237
121253
121269
121285
121301
121316
121332
121348
121364
121380
121396
121412
121428
121444
121460
121476
121492
121508
121524
121540
121556
121572
121588
121604
121620
121636
121652
121668
121684
121700
121715
121731
121747
121763
121779
121795
121811
121827
121843
121859
121875
121906
121923
121941
121958
121976
121993
122011
122028
122046
122063
122081
122098
122116
122133
122150
122168
122185
122203
122220
122238
122255
122273
122290
122308
122325
122343
122360
122377
122395
122412
122430
122447
122465
122482
122500
122517
122535
122552
122570
122587
122604
122622
122639
122657
122674
122692
122709
122727
122744
122762
122779
122797
122814
122831
122849
122866
122884
122901
122919
122936
122954
122971
122989
123006
123024
123041
123058
123076
123093
123111
123128
123146
123163
123181
123198
123216
123233
123251
123268
123285
123303
123320
123338
123355
123373
123390
123408
123425
123443
123460
123478
123495
123512
123530
123547
123565
123582
123600
123617
123635
123652
123670
123687
123705
123722
123740
123757
123774
123792
123809
123827
123844
123862
123879
123897
123914
123932
123949
123967
123984
124001
124019
124036
124054
124071
124089
124106
124124
124141
124159
124176
124194
124211
124228
124246
124263
124281
124298
124316
124333
124351
124368
124386
124403
124421
124438
124455
124473
124490
124508
124525
124543
124560
124578
124595
124613
124630
124648
124665
124682
124700
124717
124735
124752
124770
124787
124805
124822
124840
124857
124875
124892
124909
124927
124944
124962
124979
124997
125014
125032
125049
125067
125084
125102
125119
125136
125154
125171
125189
125206
125224
125241
125259
125276
125294
125311
125329
125346
125364
125381
125398
125416
125433
125451
125468
125486
125503
125521
125538
125556
125573
125591
125608
125625
125643
125660
125678
125695
125713
125730
125748
125765
125783
125800
125818
125835
125852
125870
125887
125905
125922
125940
125957
125975
125992
126010
126027
126045
126062
126079
126097
126114
126132
126149
126167
126184
126202
126219
126237
126254
126272
126289
126306
126324
126341
126359
126376
126394
126411
126435
126451
126467
126483
126500
126516
126532
126548
126564
126581
126597
126613
126629
126645
126662
126678
126694
126710
126727
126743
126759
126775
126791
126808
126824
126840
126856
126872
126889
126905
126921
126937
126954
126970
126986
127002
127018
127035
127051
127067
127083
127099
127116
127132
127148
127164
127180
127197
127213
127229
127245
127262
127278
127294
127310
127326
127343
127359
127375
127391
127407
127424
127440
127456
127472
127489
127505
127521
127537
127553
127570
127586
127602
127618
127634
127651
127667
127683
127699
127716
127732
127748
127764
127780
127797
127813
127829
127845
127861
127878
127894
127910
127926
127942
127959
127975
127991
128007
128024
128040
128056
128072
128088
128105
128121
128137
128153
128169
128186
128202
128218
128234
128251
128267
128283
128299
128315
128332
128348
128364
128380
128396
128413
128429
128445
128461
128478
128494
128510
128526
128542
128559
128575
128591
128607
128623
128640
128656
128672
128688
128704
128721
128737
128753
128769
128786
128802
128818
128834
128850
128867
128883
128904
128919
128933
128948
128962
128977
128991
129006
129020
129035
129049
129064
129079
129093
129108
129122
129137
129151
129166
129180
129195
129209
129224
129238
129253
129268
129282
129297
129311
129326
129340
129355
129369
129384
129398
129413
129428
129442
129457
129471
129486
129500
129515
129529
129544
129558
129573
129587
129602
129617
129631
129646
129660
129675
129689
129704
129718
129733
129747
129762
129776
129791
129806
129820
129835
129849
129864
129878
129893
129907
129922
129936
129951
129966
129980
129995
130009
130024
130038
130053
130067
130082
130096
130111
130125
130140
130155
130169
130184
130198
130213
130227
130242
130256
130271
130285
130305
130320
130335
130350
130365
130380
130395
130410
130425
130440
130455
130470
130485
130500
130515
130530
130545
130560
130575
130590
130605
130621
130636
130651
130666
130681
130696
130711
130726
130741
130756
130771
130786
130801
130816
130831
130846
130861
130876
130891
130906
130921
130937
130952
130967
130982
130997
131012
131027
131042
131057
131072
131087
131102
131117
131132
131147
131162
131177
131192
131207
131222
131237
131253
131268
131283
131298
131313
131328
131343
131358
131373
131388
131403
131418
131433
131448
131463
131478
131493
131508
131523
131538
131553
131569
131584
131599
131614
131629
131644
131659
131674
131689
131704
131719
131734
131749
131764
131779
131794
131809
131824
131839
131854
131869
131885
131900
131915
131930
131945
131960
131975
131990
132005
132020
132035
132050
132065
132080
132095
132110
132125
132140
132155
132170
132185
132201
132216
132231
132246
132261
132276
132291
132306
132321
132336
132351
132366
132381
132396
132411
132426
132456
132472
132488
132504
132520
132536
132552
132568
132584
132600
132616
132632
132648
132664
132680
132696
132712
132728
132744
132760
132776
132792
132808
132824
132840
132856
132872
132888
132904
132920
132936
132952
132968
132984
133000
133016
133032
133048
133064
133080
133096
133112
133128
133144
133160
133176
133192
133208
133224
133240
133256
133272
133288
133304
133320
133336
133352
133368
133384
133400
133416
133432
133448
133464
133480
133496
133512
133528
133544
133560
133576
133592
133608
133624
133640
133656
133672
133688
133704
133720
133736
133752
133768
133784
133800
133816
133832
133847
133863
133879
133895
133911
133927
133943
133959
133975
133991
134007
134023
134039
134055
134071
134087
134103
134119
134135
134151
134167
134183
134199
134215
134231
134247
134263
134279
134305
134320
134335
134349
134364
134379
134393
134408
134423
134438
134452
134467
134482
134496
134511
134526
134540
134555
134570
134585
134599
134614
134629
134643
134658
134673
134688
134702
134717
134732
134746
134761
134776
134790
134805
134820
134835
134849
134864
134879
134893
134908
134923
134938
134952
134967
134982
134996
135011
135026
135040
135055
135070
135085
135099
135114
135129
135143
135158
135173
135188
135202
135217
135232
135246
135261
135276
135290
135305
135320
135335
135349
135364
135379
135393
135408
135423
135437
135452
135467
135482
135496
135511
135526
135540
135555
135570
135585
135599
135614
135629
135643
135658
135673
135687
135702
135717
135732
135746
135761
135776
135790
135805
135820
135835
135849
135864
135879
135893
135908
135923
135937
135952
135967
135982
135996
136011
136026
136040
136055
136070
136085
136099
136114
136129
136143
136158
136173
136187
136202
136217
136232
136246
136261
136276
136290
136305
136320
136334
136349
136364
136379
136393
136408
136423
136437
136452
136467
136482
136496
136511
136526
136540
136555
136570
136584
136599
136614
136629
136643
136669
136687
136704
136722
136739
136757
136774
136792
136809
136827
136845
136862
136880
136897
136915
136932
136950
136967
136985
137003
137020
137038
137055
137073
137090
137108
137125
137143
137160
137178
137196
137213
137231
137248
137266
137283
137301
137318
137336
137354
137371
137389
137406
137424
137441
137459
137476
137494
137511
137529
137547
137564
137582
137599
137617
137634
137652
137669
137687
137705
137722
137740
137757
137775
137792
137810
137827
137845
137863
137880
137898
137915
137933
137950
137968
137985
138003
138020
138038
138056
138073
138091
138108
138126
138143
138161
138178
138196
138214
138231
138249
138266
138284
138301
138319
138336
138369
138386
138403
138420
138437
138453
138470
138487
138504
138521
138538
138554
138571
138588
138605
138622
138638
138655
138672
138689
138706
138723
138739
138756
138773
138790
138807
138823
138840
138857
138874
138891
138908
138924
138941
138958
138975
138992
139008
139025
139042
139059
139076
139093
139109
139126
139143
139160
139177
139193
139210
139227
139244
139261
139278
139294
139311
139328
139345
139362
139378
139395
139412
139429
139446
139463
139479
139496
139513
139530
139547
139563
139580
139597
139614
139631
139648
139664
139681
139698
139715
139732
139748
139765
139782
139799
139816
139833
139849
139866
139883
139900
139917
139933
139950
139967
139984
140001
140018
140034
140051
140068
140085
140102
140118
140158
140183
140208
140234
140259
140284
140309
140335
140360
140385
140410
140436
140461
140486
140511
140537
140562
140587
140612
140638
140663
140688
140713
140739
140764
140789
140814
140840
140865
140890
140915
140941
140966
140991
141016
141042
141067
141092
141117
141143
141168
141193
141218
141244
141269
141294
141319
141345
141370
141395
141420
141446
141471
141496
141521
141547
141572
141597
141622
141648
141673
141698
141723
141749
141774
141799
141824
141850
141875
141900
141925
141951
141976
142001
142027
142052
142077
142102
142128
142153
142178
142203
142229
142254
142279
142304
142330
142355
142380
142405
142431
142456
142481
142506
142532
142557
142582
142607
142633
142658
142683
142708
142734
142759
142784
142809
142835
142860
142885
142910
142936
142961
142986
143011
143037
143062
143087
143112
143138
143163
143188
143213
143239
143264
143289
143314
143340
143365
143390
143415
143441
143466
143491
143514
143535
143556
143577
143598
143619
143641
143662
143683
143704
143725
143746
143767
143789
143810
143831
143852
143873
143894
143915
143937
143958
143979
144000
144021
144042
144063
144085
144106
144127
144148
144169
144190
144211
144233
144254
144275
144296
144317
144338
144360
144381
144402
144423
144444
144465
144486
144508
144529
144550
144571
144592
144613
144634
144656
144677
144698
144719
144740
144761
144782
144804
144825
144846
144867
144888
144909
144930
144952
144973
144994
145015
145036
145057
145079
145100
145121
145142
145163
145184
145205
145227
145248
145269
145290
145311
145332
145353
145375
145396
145417
145438
145459
145480
145501
145523
145544
145565
145586
145607
145628
145649
145671
145692
145713
145734
145755
145776
145798
145819
145840
145861
145882
145903
145924
145946
145967
145988
146009
146030
146051
146072
146094
146115
146136
146157
146178
146199
146220
146242
146263
146284
146305
146326
146355
146376
146398
146419
146441
146462
146484
146505
146526
146548
146569
146591
146612
146634
146655
146677
146698
146719
146741
146762
146784
146805
146827
146848
146870
146891
146912
146934
146955
146977
146998
147020
147041
147063
147084
147105
147127
147148
147170
147191
147213
147234
147256
147277
147298
147320
147341
147363
147384
147406
147427
147449
147470
147491
147513
147534
147556
147577
147599
147620
147642
147663
147684
147706
147727
147749
147770
147792
147813
147835
147856
147877
147899
147920
147942
147963
147985
148006
148028
148049
148070
148092
148113
148135
148156
148178
148199
148221
148242
148263
148285
148306
148328
148349
148371
148392
148414
148435
148456
148478
148499
148521
148542
148564
148585
148607
148628
148649
148671
148692
148714
148735
148757
148778
148800
148821
148842
148864
148885
148907
148928
148950
148971
148993
149014
149035
149057
149078
149100
149121
149159
149184
149209
149234
149259
149284
149309
149334
149359
149384
149409
149434
149459
149484
149509
149534
149559
149584
149609
149634
149659
149684
149709
149734
149759
149784
149809
149834
149859
149885
149910
149935
149960
149985
150010
150035
150060
150085
150110
150135
150160
150185
150210
150235
150260
150285
150310
150335
150360
150385
150410
150435
150460
150485
150510
150535
150560
150585
150611
150636
150661
150686
150711
150736
150761
150786
150811
150836
150861
150886
150911
150936
150961
150986
151011
151036
151061
151086
151111
151136
151161
151186
151211
151236
151261
151286
151311
151336
151362
151387
151412
151437
151462
151487
151512
151537
151562
151587
151612
151637
151662
151687
151712
151737
151762
151802
151820
151838
151856
151875
151893
151911
151929
151948
151966
151984
152002
152021
152039
152057
152075
152094
152112
152130
152148
152167
152185
152203
152221
152240
152258
152276
152294
152313
152331
152349
152367
152386
152404
152422
152440
152459
152477
152495
152513
152532
152550
152568
152586
152605
152623
152641
152659
152677
152696
152714
152732
152750
152769
152787
152805
152823
152842
152860
152878
152896
152915
152933
152951
152969
152988
153006
153024
153042
153061
153079
153097
153115
153134
153152
153170
153188
153207
153225
153243
153261
153280
153298
153316
153334
153353
153371
153389
153407
153426
153444
153462
153480
153499
153517
153535
153553
153571
153590
153608
153626
153644
153663
153681
153699
153717
153736
153754
153772
153790
153809
153827
153845
153863
153882
153900
153918
153936
153955
153973
153991
154009
154028
154046
154064
154082
154101
154119
154137
154155
154174
154192
154210
154228
154247
154282
154300
154318
154335
154353
154371
154389
154406
154424
154442
154460
154477
154495
154513
154531
154548
154566
154584
154601
154619
154637
154655
154672
154690
154708
154726
154743
154761
154779
154797
154814
154832
154850
154868
154885
154903
154921
154938
154956
154974
154992
155009
155027
155045
155063
155080
155098
155116
155134
155151
155169
155187
155205
155222
155240
155258
155275
155293
155311
155329
155346
155364
155382
155400
155417
155435
155453
155471
155488
155506
155524
155542
155559
155577
155595
155612
155630
155648
155666
155683
155701
155719
155737
155754
155772
155790
155808
155825
155843
155861
155879
155896
155914
155932
155949
155967
155985
156003
156020
156038
156056
156074
156091
156109
156127
156145
156162
156180
156198
156216
156233
156251
156269
156286
156304
156322
156340
156357
156375
156393
156411
156428
156446
156464
156486
156506
156526
156546
156566
156586
156606
156626
156646
156666
156686
156706
156726
156746
156766
156786
156806
156826
156846
156866
156886
156906
156926
156946
156966
156986
157006
157026
157046
157066
157086
157106
157126
157146
157166
157186
157206
157226
157246
157266
157286
157306
157326
157346
157366
157386
157406
157426
157446
157466
157486
157506
157526
157547
157567
157587
157607
157627
157647
157667
157687
157707
157727
157747
157767
157787
157807
157827
157847
157867
157887
157907
157927
157947
157967
157987
158007
158027
158047
158067
158087
158107
158127
158147
158167
158187
158207
158227
158247
158267
158287
158307
158327
158347
158367
158387
158407
158427
158447
158467
158487
158507
158527
158547
158567
158587
158607
158628
158648
158668
158688
158708
158728
158748
158768
158788
158808
158828
158848
158868
158888
158908
158928
158948
158968
158988
159008
159028
159048
159068
159088
159125
159143
159161
159179
159197
159216
159234
159252
159270
159288
159307
159325
159343
159361
159379
159398
159416
159434
159452
159470
159489
159507
159525
159543
159561
159580
159598
159616
159634
159652
159671
159689
159707
159725
159743
159762
159780
159798
159816
159834
159853
159871
159889
159907
159925
159944
159962
159980
159998
160016
160035
160053
160071
160089
160107
160126
160144
160162
160180
160198
160217
160235
160253
160271
160289
160308
160326
160344
160362
160380
160399
160417
160435
160453
160471
160490
160508
160526
160544
160562
160581
160599
160617
160635
160653
160672
160690
160708
160726
160744
160763
160781
160799
160817
160835
160854
160872
160890
160908
160926
160945
160963
160981
160999
161017
161036
161054
161072
161108
161128
161148
161168
161188
161208
161228
161248
161268
161288
161308
161328
161348
161368
161389
161409
161429
161449
161469
161489
161509
161529
161549
161569
161589
161609
161629
161649
161669
161690
161710
161730
161750
161770
161790
161810
161830
161850
161870
161890
161910
161930
161950
161971
161991
162011
162031
162051
162071
162091
162111
162131
162151
162171
162191
162211
162231
162251
162272
162292
162312
162332
162352
162372
162392
162412
162432
162452
162472
162492
162512
162532
162553
162573
162593
162613
162633
162653
162673
162693
162713
162733
162753
162773
162793
162813
162833
162854
162874
162894
162914
162934
162954
162974
162994
163014
163034
163054
163074
163094
163114
163135
163155
163175
163195
163215
163235
163255
163275
163295
163315
163335
163355
163375
163395
163415
163436
163456
163476
163496
163516
163536
163556
163576
163596
163616
163636
163656
163685
163703
163721
163739
163757
163775
163793
163811
163829
163847
163865
163883
163901
163919
163937
163955
163973
163991
164009
164027
164045
164063
164081
164099
164117
164135
164153
164171
164188
164206
164224
164242
164260
164278
164296
164314
164332
164350
164368
164386
164404
164422
164440
164458
164476
164494
164512
164530
164548
164566
164584
164602
164620
164638
164656
164674
164691
164709
164727
164745
164763
164781
164799
164817
164835
164853
164871
164889
164907
164925
164943
164961
164979
164997
165015
165033
165051
165069
165087
165105
165123
165141
165159
165177
165194
165212
165230
165248
165266
165284
165302
165320
165338
165356
165374
165392
165410
165428
165446
165464
165482
165500
165518
165536
165554
165572
165590
165608
165626
165644
165662
165680
165697
165715
165747
165767
165787
165806
165826
165846
165866
165885
165905
165925
165945
165964
165984
166004
166024
166043
166063
166083
166103
166122
166142
166162
166182
166201
166221
166241
166261
166280
166300
166320
166340
166359
166379
166399
166419
166438
166458
166478
166498
166517
166537
166557
166577
166596
166616
166636
166655
166675
166695
166715
166734
166754
166774
166794
166813
166833
166853
166873
166892
166912
166932
166952
166971
166991
167011
167031
167050
167070
167090
167110
167129
167149
167169
167189
167208
167228
167248
167268
167287
167307
167327
167347
167366
167386
167406
167426
167445
167465
167485
167505
167524
167544
167564
167583
167603
167623
167643
167662
167682
167702
167722
167741
167761
167781
167801
167820
167840
167860
167880
167899
167919
167939
167959
167978
167998
168018
168038
168057
168077
168097
168117
168136
168156
168176
168196
168218
168237
168256
168275
168294
168313
168332
168351
168370
168389
168408
168428
168447
168466
168485
168504
168523
168542
168561
168580
168599
168618
168638
168657
168676
168695
168714
168733
168752
168771
168790
168809
168828
168847
168867
168886
168905
168924
168943
168962
168981
169000
169019
169038
169057
169077
169096
169115
169134
169153
169172
169191
169210
169229
169248
169267
169286
169306
169325
169344
169363
169382
169401
169420
169439
169458
169477
169496
169516
169535
169554
169573
169592
169611
169630
169649
169668
169687
169706
169725
169745
169764
169783
169802
169821
169840
169859
169878
169897
169916
169935
169955
169974
170003
170027
170051
170075
170099
170123
170147
170171
170195
170219
170244
170268
170292
170316
170340
170364
170388
170412
170436
170460
170484
170509
170533
170557
170581
170605
170629
170653
170677
170701
170725
170749
170774
170798
170822
170846
170870
170894
170918
170942
170966
170990
171014
171039
171063
171087
171111
171135
171159
171183
171207
171231
171255
171279
171304
171328
171352
171376
171400
171424
171448
171472
171496
171520
171544
171569
171593
171617
171641
171665
171689
171713
171737
171761
171785
171809
171834
171858
171882
171906
171930
171954
171978
172002
172026
172050
172075
172099
172123
172147
172171
172195
172219
172243
172267
172291
172315
172340
172364
172388
172412
172436
172460
172484
172508
172532
172556
172580
172605
172629
172653
172677
172701
172725
172749
172773
172797
172821
172845
172870
172894
172918
172942
172966
172990
173014
173038
173062
173086
173110
173135
173159
173183
173207
173231
173255
173294
173319
173344
173370
173395
173420
173445
173471
173496
173521
173546
173572
173597
173622
173647
173673
173698
173723
173748
173774
173799
173824
173849
173875
173900
173925
173950
173976
174001
174026
174051
174077
174102
174127
174152
174178
174203
174228
174253
174279
174304
174329
174354
174380
174405
174430
174455
174481
174506
174531
174556
174582
174607
174632
174658
174683
174708
174733
174759
174784
174809
174834
174860
174885
174910
174935
174961
174986
175011
175036
175062
175087
175112
175137
175163
175188
175213
175238
175264
175289
175314
175346
175372
175399
175425
175452
175478
175504
175531
175557
175584
175610
175636
175663
175689
175716
175742
175769
175795
175821
175848
175874
175901
175927
175953
175980
176006
176033
176059
176086
176112
176138
176165
176191
176218
176244
176270
176297
176323
176350
176376
176402
176429
176455
176482
176508
176535
176561
176587
176614
176640
176667
176693
176719
176746
176772
176799
176825
176852
176878
176904
176931
176957
176984
177010
177036
177063
177089
177116
177142
177169
177195
177221
177248
177274
177301
177327
177353
177380
177406
177433
177459
177485
177512
177538
177565
177591
177618
177644
177670
177697
177723
177750
177776
177802
177829
177855
177882
177908
177935
177961
177987
178014
178042
178065
178088
178111
178134
178157
178180
178203
178226
178249
178272
178295
178318
178341
178364
178387
178410
178433
178456
178479
178502
178525
178548
178571
178594
178617
178640
178663
178685
178708
178731
178754
178777
178800
178823
178846
178869
178892
178915
178938
178961
178984
179007
179030
179053
179076
179099
179122
179145
179168
179191
179214
179237
179260
179283
179306
179328
179351
179374
179397
179420
179443
179466
179489
179512
179535
179558
179581
179604
179627
179650
179673
179696
179719
179742
179765
179788
179811
179834
179857
179880
179903
179926
179949
179971
179994
180017
180040
180063
180086
180109
180132
180155
180178
180201
180224
180247
180270
180293
180316
180339
180362
180385
180408
180431
180454
180477
180500
180523
180546
180569
180592
180614
180637
180660
180683
180706
180729
180752
180775
180798
180821
180844
180867
180890
180949
180987
181025
181063
181101
181139
181177
181215
181253
181291
181329
181368
181406
181444
181482
181520
181558
181596
181634
181672
181710
181748
181786
181825
181863
181901
181939
181977
182015
182053
182091
182129
182167
182205
182243
182282
182320
182358
182396
182434
182472
182510
182548
182586
182624
182662
182701
182739
182777
182815
182853
182891
182929
182967
183005
183043
183081
183119
183158
183196
183234
183272
183310
183348
183386
183424
183462
183500
183538
183576
183615
183653
183691
183729
183767
183805
183843
183881
183919
183957
183995
184033
184072
184110
184148
184186
184224
184262
184300
184338
184376
184414
184452
184491
184529
184567
184605
184643
184681
184719
184757
184795
184833
184871
184909
184948
184986
185024
185062
185100
185138
185176
185214
185252
185290
185328
185366
185405
185443
185481
185519
185557
185595
185633
185671
185709
185747
185785
185823
185862
185900
185938
185976
186014
186052
186090
186128
186185
186228
186272
186315
186359
186402
186445
186489
186532
186576
186619
186662
186706
186749
186793
186836
186880
186923
186966
187010
187053
187097
187140
187183
187227
187270
187314
187357
187400
187444
187487
187531
187574
187618
187661
187704
187748
187791
187835
187878
187921
187965
188008
188052
188095
188139
188182
188225
188269
188312
188356
188399
188442
188486
188529
188573
188616
188659
188703
188746
188790
188833
188877
188920
188963
189007
189050
189094
189137
189180
189224
189267
189311
189354
189398
189441
189484
189528
189571
189615
189658
189701
189745
189788
189832
189875
189918
189962
190005
190049
190092
190136
190179
190222
190266
190309
190353
190396
190439
190483
190526
190570
190613
190657
190700
190743
190787
190830
190874
190917
190960
191004
191047
191091
191134
191177
191221
191264
191308
191351
191395
191438
191481
191525
191580
191597
191615
191632
191650
191667
191685
191702
191720
191737
191755
191772
191790
191807
191825
191842
191860
191877
191895
191912
191930
191947
191965
191982
192000
192017
192035
192052
192070
192087
192105
192122
192139
192157
192174
192192
192209
192227
192244
192262
192279
192297
192314
192332
192349
192367
192384
192402
192419
192437
192454
192472
192489
192507
192524
192542
192559
192577
192594
192612
192629
192647
192664
192682
192699
192716
192734
192751
192769
192786
192804
192821
192839
192856
192874
192891
192909
192926
192944
192961
192979
192996
193014
193031
193049
193066
193084
193101
193119
193136
193154
193171
193189
193206
193224
193241
193258
193276
193293
193311
193328
193346
193363
193381
193398
193416
193433
193451
193468
193486
193503
193521
193538
193556
193573
193591
193608
193626
193643
193661
193678
193696
193713
193756
193790
193823
193857
193890
193924
193957
193991
194024
194058
194091
194125
194158
194192
194225
194259
194292
194326
194359
194393
194426
194460
194493
194527
194560
194594
194627
194661
194694
194728
194761
194795
194828
194862
194895
194929
194962
194996
195029
195063
195096
195130
195163
195197
195230
195264
195297
195331
195365
195398
195432
195465
195499
195532
195566
195599
195633
195666
195700
195733
195767
195800
195834
195867
195901
195934
195968
196001
196035
196068
196102
196135
196169
196202
196236
196293
196323
196353
196383
196413
196443
196473
196504
196534
196564
196594
196624
196654
196684
196714
196745
196775
196805
196835
196865
196895
196925
196956
196986
197016
197046
197076
197106
197136
197166
197197
197227
197257
197287
197317
197347
197377
197407
197438
197468
197498
197528
197558
197588
197618
197649
197679
197709
197739
197769
197799
197829
197859
197890
197920
197950
197980
198010
198040
198070
198101
198131
198161
198191
198221
198251
198281
198311
198342
198372
198402
198432
198462
198492
198522
198552
198583
198613
198643
198673
198703
198733
198763
198794
198824
198854
198884
198914
198944
198974
199004
199035
199065
199095
199125
199155
199185
199215
199245
199276
199306
199336
199366
199396
199426
199456
199487
199517
199547
199577
199607
199637
199667
199697
199728
199758
199788
199818
199848
199878
199908
199939
199969
199999
200029
200059
200089
200119
200149
200180
200210
200240
200270
200300
200330
200360
200390
200421
200478
200512
200547
200581
200616
200650
200685
200719
200754
200788
200823
200857
200892
200926
200961
200995
201030
201064
201099
201133
201168
201202
201237
201271
201306
201340
201375
201409
201444
201478
201513
201547
201582
201616
201651
201685
201720
201754
201789
201823
201858
201892
201927
201961
201996
202030
202065
202099
202134
202168
202203
202237
202272
202306
202341
202375
202410
202444
202479
202513
202548
202582
202617
202651
202686
202720
202755
202789
202824
202858
202893
202927
202962
202996
203031
203065
203100
203134
203169
203203
203238
203272
203307
203341
203376
203410
203445
203479
203514
203548
203583
203617
203652
203686
203721
203755
203790
203824
203859
203893
203928
203962
203997
204031
204066
204100
204135
204169
204204
204238
204273
204307
204342
204376
204411
204445
204480
204514
204549
204583
204618
204652
204687
204721
204756
204790
204825
204859
204894
204928
204963
204997
205032
205066
205113
205151
205190
205228
205267
205305
205344
205382
205421
205459
205498
205536
205575
205613
205651
205690
205728
205767
205805
205844
205882
205921
205959
205998
206036
206075
206113
206152
206190
206228
206267
206305
206344
206382
206421
206459
206498
206536
206575
206613
206652
206690
206728
206767
206805
206844
206882
206921
206959
206998
207036
207075
207113
207152
207190
207229
207267
207305
207344
207382
207421
207459
207498
207536
207575
207613
207652
207690
207729
207767
207806
207844
207882
207921
207959
207998
208036
208075
208113
208152
208190
208229
208267
208306
208344
208382
208421
208459
208498
208536
208575
208613
208652
208690
208729
208767
208806
208844
208883
208921
208959
208998
209036
209075
209113
209152
209190
209229
209267
209306
209366
209407
209448
209490
209531
209572
209614
209655
209696
209738
209779
209820
209861
209903
209944
209985
210027
210068
210109
210151
210192
210233
210274
210316
210357
210398
210440
210481
210522
210564
210605
210646
210688
210729
210770
210811
210853
210894
210935
210977
211018
211059
211101
211142
211183
211224
211266
211307
211348
211390
211431
211472
211514
211555
211596
211638
211679
211720
211761
211803
211844
211885
211927
211968
212009
212051
212092
212133
212174
212216
212257
212298
212340
212381
212422
212464
212505
212546
212588
212629
212670
212711
212753
212794
212835
212877
212918
212959
213001
213042
213083
213124
213166
213207
213248
213290
213331
213372
213414
213455
213496
213538
213579
213628
213661
213694
213727
213760
213793
213826
213859
213892
213925
213958
213991
214024
214057
214090
214123
214156
214189
214222
214255
214288
214321
214354
214387
214420
214453
214486
214519
214552
214585
214618
214651
214684
214717
214750
214783
214816
214849
214882
214915
214948
214981
215014
215047
215080
215113
215146
215179
215212
215245
215278
215311
215344
215377
215410
215443
215476
215509
215542
215575
215608
215641
215674
215707
215740
215773
215806
215839
215872
215905
215938
215971
216004
216037
216070
216103
216136
216169
216202
216236
216269
216302
216335
216368
216401
216434
216467
216500
216533
216566
216599
216632
216665
216698
216731
216764
216797
216830
216863
216896
216929
216962
216995
217028
217061
217094
217127
217160
217193
217226
217259
217292
217325
217358
217391
217424
217457
217490
217523
217556
217589
217622
217655
217688
217727
217749
217771
217793
217815
217837
217859
217881
217903
217925
217947
217969
217991
218013
218035
218057
218079
218101
218123
218145
218168
218190
218212
218234
218256
218278
218300
218322
218344
218366
218388
218410
218432
218454
218476
218498
218520
218542
218564
218586
218608
218631
218653
218675
218697
218719
218741
218763
218785
218807
218829
218851
218873
218895
218917
218939
218961
218983
219005
219027
219049
219071
219094
219116
219138
219160
219182
219204
219226
219248
219270
219292
219314
219336
219358
219380
219402
219424
219446
219468
219490
219512
219534
219557
219579
219601
219623
219645
219667
219689
219711
219733
219755
219777
219799
219821
219843
219865
219887
219909
219931
219953
219975
219998
220020
220042
220064
220086
220108
220130
220152
220174
220196
220218
220240
220262
220284
220306
220328
220367
220389
220411
220433
220455
220477
220499
220521
220543
220565
220587
220609
220631
220653
220675
220697
220719
220741
220763
220785
220807
220829
220851
220873
220895
220917
220939
220961
220983
221005
221027
221049
221071
221093
221115
221137
221159
221181
221203
221225
221247
221269
221291
221313
221335
221357
221379
221401
221423
221445
221467
221489
221511
221533
221555
221577
221599
221621
221643
221665
221687
221709
221731
221753
221775
221797
221819
221841
221863
221885
221907
221929
221951
221973
221995
222017
222039
222061
222083
222105
222127
222149
222171
222193
222215
222237
222258
222280
222302
222324
222346
222368
222390
222412
222434
222456
222478
222500
222522
222544
222566
222588
222610
222632
222654
222676
222698
222720
222742
222764
222786
222808
222830
222852
222874
222896
222918
222940
222962
222984
223006
223028
223050
223072
223094
223116
223138
223160
223182
223204
223226
223248
223270
223292
223314
223336
223358
223380
223402
223424
223446
223468
223490
223512
223534
223556
223588
223609
223630
223651
223672
223693
223714
223735
223757
223778
223799
223820
223841
223862
223883
223904
223925
223947
223968
223989
224010
224031
224052
224073
224094
224115
224137
224158
224179
224200
224221
224242
224263
224284
224305
224327
224348
224369
224390
224411
224432
224453
224474
224496
224517
224538
224559
224580
224601
224622
224643
224664
224686
224707
224728
224749
224770
224791
224812
224833
224854
224876
224897
224918
224939
224960
224981
225002
225023
225044
225066
225087
225108
225129
225150
225171
225192
225213
225235
225256
225277
225298
225319
225340
225361
225382
225403
225425
225446
225467
225488
225509
225530
225551
225572
225593
225615
225636
225657
225678
225699
225720
225741
225762
225783
225805
225826
225847
225868
225889
225910
225931
225952
225974
225995
226016
226037
226058
226079
226118
226139
226160
226181
226202
226223
226244
226265
226286
226307
226328
226349
226371
226392
226413
226434
226455
226476
226497
226518
226539
226560
226581
226602
226623
226645
226666
226687
226708
226729
226750
226771
226792
226813
226834
226855
226876
226897
226919
226940
226961
226982
227003
227024
227045
227066
227087
227108
227129
227150
227171
227193
227214
227235
227256
227277
227298
227319
227340
227361
227382
227403
227424
227445
227467
227488
227509
227530
227551
227572
227593
227614
227635
227656
227677
227698
227719
227741
227762
227783
227804
227825
227846
227867
227888
227909
227930
227951
227972
227994
228015
228036
228057
228078
228099
228120
228141
228162
228183
228204
228225
228246
228268
228289
228310
228331
228352
228373
228394
228415
228436
228457
228478
228499
228520
228542
228563
228584
228612
228627
228642
228657
228673
228688
228703
228718
228733
228749
228764
228779
228794
228809
228825
228840
228855
228870
228886
228901
228916
228931
228946
228962
228977
228992
229007
229022
229038
229053
229068
229083
229099
229114
229129
229144
229159
229175
229190
229205
229220
229235
229251
229266
229281
229296
229312
229327
229342
229357
229372
229388
229403
229418
229433
229448
229464
229479
229494
229509
229525
229540
229555
229570
229585
229601
229616
229631
229646
229661
229677
229692
229707
229722
229738
229753
229768
229783
229798
229814
229829
229844
229859
229874
229890
229905
229920
229935
229951
229966
229981
229996
230011
230027
230042
230057
230072
230087
230103
230118
230133
230148
230164
230179
230194
230209
230224
230240
230255
230270
230285
230300
230316
230331
230346
230361
230377
230392
230407
230422
230437
230453
230468
230483
230498
230513
230537
230557
230577
230597
230617
230637
230657
230677
230697
230717
230737
230758
230778
230798
230818
230838
230858
230878
230898
230918
230938
230958
230979
230999
231019
231039
231059
231079
231099
231119
231139
231159
231179
231200
231220
231240
231260
231280
231300
231320
231340
231360
231380
231400
231421
231441
231461
231481
231501
231521
231541
231561
231581
231601
231621
231642
231662
231682
231702
231722
231742
231762
231782
231802
231822
231842
231863
231883
231903
231923
231943
231963
231983
232003
232023
232043
232063
232084
232104
232124
232144
232164
232184
232204
232224
232244
232264
232284
232305
232325
232345
232365
232385
232405
232425
232445
232465
232485
232505
232525
232546
232566
232586
232606
232626
232646
232666
232686
232706
232726
232746
232767
232787
232807
232827
232847
232867
232887
232907
232927
232947
232967
232986
233004
233023
233041
233060
233078
233097
233115
233134
233152
233171
233189
233208
233226
233245
233263
233282
233300
233319
233337
233356
233374
233393
233411
233430
233448
233466
233485
233503
233522
233540
233559
233577
233596
233614
233633
233651
233670
233688
233707
233725
233744
233762
233781
233799
233818
233836
233855
233873
233892
233910
233928
233947
233965
233984
234002
234021
234039
234058
234076
234095
234113
234132
234150
234169
234187
234206
234224
234243
234261
234280
234298
234317
234335
234354
234372
234390
234409
234427
234446
234464
234483
234501
234520
234538
234557
234575
234594
234612
234631
234649
234668
234686
234705
234723
234742
234760
234779
234797
234816
234834
234852
234871
234889
234908
234926
234945
234963
234982
235000
235019
235037
235056
235074
235093
235111
235130
235148
235167
235185
235204
235222
235241
235259
235278
235296
235314
235347
235366
235385
235403
235422
235441
235459
235478
235497
235515
235534
235553
235571
235590
235609
235627
235646
235665
235683
235702
235721
235740
235758
235777
235796
235814
235833
235852
235870
235889
235908
235926
235945
235964
235982
236001
236020
236038
236057
236076
236095
236113
236132
236151
236169
236188
236207
236225
236244
236263
236281
236300
236319
236337
236356
236375
236393
236412
236431
236450
236468
236487
236506
236524
236543
236562
236580
236599
236618
236636
236655
236674
236692
236711
236730
236748
236767
236786
236805
236823
236842
236861
236879
236898
236917
236935
236954
236973
236991
237010
237029
237047
237066
237085
237103
237122
237141
237160
237178
237197
237216
237234
237253
237272
237290
237309
237328
237346
237379
237399
237419
237439
237459
237479
237499
237519
237539
237559
237579
237599
237619
237640
237660
237680
237700
237720
237740
237760
237780
237800
237820
237840
237860
237880
237900
237921
237941
237961
237981
238001
238021
238041
238061
238081
238101
238121
238141
238161
238181
238202
238222
238242
238262
238282
238302
238322
238342
238362
238382
238402
238422
238442
238462
238483
238503
238523
238543
238563
238583
238603
238623
238643
238663
238683
238703
238723
238743
238764
238784
238804
238824
238844
238864
238884
238904
238924
238944
238964
238984
239004
239024
239045
239065
239085
239105
239125
239145
239165
239185
239205
239225
239245
239265
239285
239306
239326
239346
239366
239386
239406
239426
239446
239466
239486
239506
239526
239546
239566
239587
239607
239627
239647
239667
239687
239707
239727
239747
239767
239787
239807
239827
239847
239868
239888
239908
239928
239948
239968
239988
240008
240028
240048
240068
240088
240108
240128
240149
240169
240189
240230
240251
240273
240294
240316
240337
240358
240380
240401
240423
240444
240465
240487
240508
240530
240551
240572
240594
240615
240637
240658
240679
240701
240722
240744
240765
240787
240808
240829
240851
240872
240894
240915
240936
240958
240979
241001
241022
241043
241065
241086
241108
241129
241150
241172
241193
241215
241236
241257
241279
241300
241322
241343
241365
241386
241407
241429
241450
241472
241493
241514
241536
241557
241579
241600
241621
241643
241664
241686
241707
241728
241750
241771
241793
241814
241835
241857
241878
241900
241921
241943
241964
241985
242007
242028
242050
242071
242092
242114
242135
242157
242178
242199
242221
242242
242264
242285
242306
242328
242349
242371
242392
242414
242435
242456
242478
242499
242521
242542
242563
242585
242606
242628
242649
242670
242692
242713
242735
242756
242777
242799
242844
242869
242894
242919
242944
242969
242994
243019
243044
243068
243093
243118
243143
243168
243193
243218
243243
243268
243293
243317
243342
243367
243392
243417
243442
243467
243492
243517
243542
243566
243591
243616
243641
243666
243691
243716
243741
243766
243791
243815
243840
243865
243890
243915
243940
243965
243990
244015
244040
244064
244089
244114
244139
244164
244189
244214
244239
244264
244289
244313
244338
244363
244388
244413
244438
244463
244488
244513
244538
244562
244587
244612
244637
244662
244687
244712
244737
244762
244787
244811
244836
244861
244886
244911
244936
244961
244986
245011
245036
245060
245085
245110
245135
245160
245185
245210
245235
245260
245285
245309
245334
245359
245384
245409
245434
245459
245484
245509
245534
245558
245583
245608
245633
245658
245683
245708
245733
245758
245783
245807
245832
245857
245882
245937
245975
246013
246050
246088
246126
246163
246201
246239
246276
246314
246352
246390
246427
246465
246503
246540
246578
246616
246653
246691
246729
246767
246804
246842
246880
246917
246955
246993
247030
247068
247106
247144
247181
247219
247257
247294
247332
247370
247407
247445
247483
247520
247558
247596
247634
247671
247709
247747
247784
247822
247860
247897
247935
247973
248011
248048
248086
248124
248161
248199
248237
248274
248312
248350
248388
248425
248463
248501
248538
248576
248614
248651
248689
248727
248764
248802
248840
248878
248915
248953
248991
249028
249066
249104
249141
249179
249217
249255
249292
249330
249368
249405
249443
249481
249518
249556
249594
249632
249669
249707
249745
249782
249820
249858
249895
249933
249971
250009
250046
250084
250122
250159
250197
250235
250272
250310
250348
250398
250425
250452
250479
250506
250533
250560
250587
250614
250641
250668
250695
250722
250749
250777
250804
250831
250858
250885
250912
250939
250966
250993
251020
251047
251074
251101
251128
251156
251183
251210
251237
251264
251291
251318
251345
251372
251399
251426
251453
251480
251507
251534
251562
251589
251616
251643
251670
251697
251724
251751
251778
251805
251832
251859
251886
251913
251941
251968
251995
252022
252049
252076
252103
252130
252157
252184
252211
252238
252265
252292
252320
252347
252374
252401
252428
252455
252482
252509
252536
252563
252590
252617
252644
252671
252698
252726
252753
252780
252807
252834
252861
252888
252915
252942
252969
252996
253023
253050
253077
253105
253132
253159
253186
253213
253240
253267
253294
253321
253348
253375
253402
253429
253456
253484
253511
253538
253565
253592
253648
253685
253722
253758
253795
253832
253869
253905
253942
253979
254015
254052
254089
254126
254162
254199
254236
254272
254309
254346
254383
254419
254456
254493
254529
254566
254603
254640
254676
254713
254750
254786
254823
254860
254897
254933
254970
255007
255043
255080
255117
255154
255190
255227
255264
255301
255337
255374
255411
255447
255484
255521
255558
255594
255631
255668
255704
255741
255778
255815
255851
255888
255925
255961
255998
256035
256072
256108
256145
256182
256218
256255
256292
256329
256365
256402
256439
256475
256512
256549
256586
256622
256659
256696
256732
256769
256806
256843
256879
256916
256953
256990
257026
257063
257100
257136
257173
257210
257247
257283
257320
257357
257393
257430
257467
257504
257540
257577
257614
257650
257687
257724
257761
257797
257834
257871
257907
257944
257981
258018
258054
258091
258128
258164
258201
258238
258275
258311
258348
258425
258468
258511
258555
258598
258641
258685
258728
258771
258815
258858
258901
258945
258988
259031
259075
259118
259161
259205
259248
259291
259335
259378
259421
259465
259508
259551
259595
259638
259681
259725
259768
259811
259854
259898
259941
259984
260028
260071
260114
260158
260201
260244
260288
260331
260374
260418
260461
260504
260548
260591
260634
260678
260721
260764
260808
260851
260894
260938
260981
261024
261068
261111
261154
261198
261241
261284
261327
261371
261414
261457
261501
261544
261587
261631
261674
261717
261761
261804
261847
261891
261934
261977
262021
262064
262107
262151
262194
262237
262281
262324
262367
262411
262454
262497
262541
262584
262627
262670
262714
262757
262800
262844
262887
262930
262974
263017
263060
263104
263147
263190
263234
263277
263320
263364
263407
263450
263492
263513
263533
263554
263574
263595
263616
263636
263657
263677
263698
263718
263739
263760
263780
263801
263821
263842
263863
263883
263904
263924
263945
263965
263986
264007
264027
264048
264068
264089
264110
264130
264151
264171
264192
264212
264233
264254
264274
264295
264315
264336
264357
264377
264398
264418
264439
264459
264480
264501
264521
264542
264562
264583
264603
264624
264645
264665
264686
264706
264727
264748
264768
264789
264809
264830
264850
264871
264892
264912
264933
264953
264974
264995
265015
265036
265056
265077
265097
265118
265139
265159
265180
265200
265221
265242
265262
265283
265303
265324
265344
265365
265386
265406
265427
265447
265468
265488
265509
265530
265550
265571
265591
265612
265633
265653
265674
265694
265715
265735
265756
265777
265797
265818
265838
265859
265880
265900
265921
265957
265981
266005
266029
266053
266078
266102
266126
266150
266174
266198
266223
266247
266271
266295
266319
266343
266368
266392
266416
266440
266464
266488
266513
266537
266561
266585
266609
266633
266658
266682
266706
266730
266754
266779
266803
266827
266851
266875
266899
266924
266948
266972
266996
267020
267044
267069
267093
267117
267141
267165
267189
267214
267238
267262
267286
267310
267334
267359
267383
267407
267431
267455
267480
267504
267528
267552
267576
267600
267625
267649
267673
267697
267721
267745
267770
267794
267818
267842
267866
267890
267915
267939
267963
267987
268011
268035
268060
268084
268108
268132
268156
268181
268205
268229
268253
268277
268301
268326
268350
268374
268398
268422
268446
268471
268495
268519
268543
268567
268591
268616
268640
268664
268688
268712
268736
268761
268785
268809
268833
268857
268882
268906
268930
268981
269009
269037
269065
269093
269121
269149
269177
269205
269233
269261
269289
269317
269345
269373
269401
269429
269457
269485
269513
269541
269569
269597
269625
269653
269681
269709
269737
269765
269793
269821
269849
269877
269905
269933
269961
269989
270017
270045
270073
270101
270129
270157
270185
270213
270241
270269
270297
270325
270353
270381
270409
270437
270465
270493
270521
270549
270577
270605
270633
270661
270689
270717
270745
270773
270801
270829
270857
270885
270913
270941
270969
270997
271025
271053
271081
271109
271137
271165
271193
271221
271249
271277
271305
271333
271361
271389
271417
271445
271473
271501
271529
271557
271585
271613
271641
271669
271697
271725
271753
271781
271809
271837
271865
271893
271922
271950
271978
272006
272034
272062
272090
272118
272146
272174
272202
272230
272258
272286
272314
272342
272370
272398
272426
272454
272482
272510
272552
272572
272592
272612
272632
272652
272672
272692
272712
272732
272752
272772
272792
272812
272832
272852
272872
272892
272912
272932
272952
272972
272992
273012
273032
273052
273072
273092
273112
273132
273152
273172
273192
273212
273232
273252
273272
273292
273312
273332
273352
273372
273392
273412
273432
273452
273472
273492
273512
273532
273552
273572
273592
273612
273632
273652
273672
273692
273712
273732
273752
273772
273792
273812
273832
273852
273872
273892
273912
273932
273952
273972
273992
274012
274032
274052
274072
274091
274111
274131
274151
274171
274191
274211
274231
274251
274271
274291
274311
274331
274351
274371
274391
274411
274431
274451
274471
274491
274511
274531
274551
274571
274591
274611
274631
274651
274671
274691
274711
274731
274751
274771
274791
274811
274848
274873
274898
274923
274948
274973
274998
275023
275047
275072
275097
275122
275147
275172
275197
275222
275247
275271
275296
275321
275346
275371
275396
275421
275446
275471
275495
275520
275545
275570
275595
275620
275645
275670
275695
275719
275744
275769
275794
275819
275844
275869
275894
275918
275943
275968
275993
276018
276043
276068
276093
276118
276142
276167
276192
276217
276242
276267
276292
276317
276342
276366
276391
276416
276441
276466
276491
276516
276541
276566
276590
276615
276640
276665
276690
276715
276740
276765
276789
276814
276839
276864
276889
276914
276939
276964
276989
277013
277038
277063
277088
277113
277138
277163
277188
277213
277237
277262
277287
277312
277337
277362
277387
277412
277437
277461
277486
277511
277536
277561
277586
277611
277636
277660
277685
277710
277735
277760
277807
277840
277873
277906
277939
277972
278005
278038
278071
278104
278137
278171
278204
278237
278270
278303
278336
278369
278402
278435
278468
278501
278534
278568
278601
278634
278667
278700
278733
278766
278799
278832
278865
278898
278931
278965
278998
279031
279064
279097
279130
279163
279196
279229
279262
279295
279328
279362
279395
279428
279461
279494
279527
279560
279593
279626
279659
279692
279725
279759
279792
279825
279858
279891
279924
279957
279990
280023
280056
280089
280123
280156
280189
280222
280255
280288
280321
280354
280387
280420
280453
280486
280520
280553
280586
280619
280652
280685
280718
280751
280784
280817
280850
280883
280917
280950
280983
281016
281049
281082
281115
281148
281181
281214
281247
281280
281314
281347
281380
281413
281446
281479
281512
281545
281578
281611
281644
281677
281711
281758
281801
281844
281888
281931
281974
282018
282061
282104
282147
282191
282234
282277
282321
282364
282407
282450
282494
282537
282580
282624
282667
282710
282753
282797
282840
282883
282927
282970
283013
283056
283100
283143
283186
283230
283273
283316
283359
283403
283446
283489
283533
283576
283619
283662
283706
283749
283792
283836
283879
283922
283965
284009
284052
284095
284139
284182
284225
284268
284312
284355
284398
284442
284485
284528
284571
284615
284658
284701
284745
284788
284831
284874
284918
284961
285004
285048
285091
285134
285177
285221
285264
285307
285351
285394
285437
285480
285524
285567
285610
285654
285697
285740
285783
285827
285870
285913
285957
286000
286043
286086
286130
286173
286216
286260
286303
286346
286389
286433
286476
286544
286574
286603
286633
286662
286692
286722
286751
286781
286810
286840
286870
286899
286929
286958
286988
287017
287047
287077
287106
287136
287165
287195
287225
287254
287284
287313
287343
287373
287402
287432
287461
287491
287520
287550
287580
287609
287639
287668
287698
287728
287757
287787
287816
287846
287875
287905
287935
287964
287994
288023
288053
288083
288112
288142
288171
288201
288231
288260
288290
288319
288349
288378
288408
288438
288467
288497
288526
288556
288586
288615
288645
288674
288704
288733
288763
288793
288822
288852
288881
288911
288941
288970
289000
289029
289059
289089
289118
289148
289177
289207
289236
289266
289296
289325
289355
289384
289414
289444
289473
289503
289532
289562
289591
289621
289651
289680
289710
289739
289769
289799
289828
289858
289887
289917
289947
289976
290006
290035
290065
290094
290124
290154
290183
290213
290242
290272
290302
290331
290361
290390
290420
290450
290479
290509
290538
290568
290597
290628
290650
290672
290694
290716
290739
290761
290783
290805
290827
290850
290872
290894
290916
290938
290961
290983
291005
291027
291049
291071
291094
291116
291138
291160
291182
291205
291227
291249
291271
291293
291316
291338
291360
291382
291404
291426
291449
291471
291493
291515
291537
291560
291582
291604
291626
291648
291671
291693
291715
291737
291759
291781
291804
291826
291848
291870
291892
291915
291937
291959
291981
292003
292026
292048
292070
292092
292114
292136
292159
292181
292203
292225
292247
292270
292292
292314
292336
292358
292381
292403
292425
292447
292469
292491
292514
292536
292558
292580
292602
292625
292647
292669
292691
292713
292736
292758
292780
292802
292824
292846
292869
292891
292913
292935
292957
292980
293002
293024
293046
293068
293091
293113
293135
293157
293179
293201
293224
293246
293268
293290
293312
293345
293375
293405
293435
293464
293494
293524
293554
293584
293613
293643
293673
293703
293733
293762
293792
293822
293852
293882
293911
293941
293971
294001
294031
294060
294090
294120
294150
294179
294209
294239
294269
294299
294328
294358
294388
294418
294448
294477
294507
294537
294567
294597
294626
294656
294686
294716
294746
294775
294805
294835
294865
294894
294924
294954
294984
295014
295043
295073
295103
295133
295163
295192
295222
295252
295282
295312
295341
295371
295401
295431
295461
295490
295520
295550
295580
295610
295639
295669
295699
295729
295758
295788
295818
295848
295878
295907
295937
295967
295997
296027
296056
296086
296116
296171
296215
296259
296303
296347
296391
296436
296480
296524
296568
296612
296656
296700
296745
296789
296833
296877
296921
296965
297009
297054
297098
297142
297186
297230
297274
297318
297363
297407
297451
297495
297539
297583
297627
297672
297716
297760
297804
297848
297892
297936
297968
297999
298030
298062
298093
298124
298156
298187
298218
298249
298281
298312
298343
298375
298406
298437
298469
298500
298531
298562
298594
298625
298656
298688
298719
298750
298782
298813
298844
298875
298907
298938
298969
299001
299032
299063
299095
299126
299157
299188
299220
299251
299282
299314
299345
299376
299408
299439
299470
299501
299533
299564
299595
299627
299658
299689
299721
299752
299783
299814
299846
299877
299908
299940
299971
300002
300033
300065
300096
300127
300159
300190
300221
300253
300284
300315
300346
300378
300409
300440
300472
300503
300534
300566
300597
300628
300659
300691
300722
300753
300785
300816
300847
300879
300910
300941
300972
301004
301035
301066
301098
301129
301160
301192
301223
301254
301285
301317
301348
301379
301411
301442
301473
301505
301536
301567
301598
301630
301661
301692
301724
301755
301786
301817
301849
301880
301911
301943
301974
302005
302037
302068
302099
302130
302162
302193
302224
302256
302287
302318
302350
302381
302412
302443
302475
302506
302537
302569
302600
302631
302663
302694
302725
302756
302788
302819
302850
302882
302913
302944
