0
16
30
44
59
73
87
101
116
130
144
158
173
187
201
215
230
244
258
272
287
301
315
329
344
358
372
386
401
415
429
443
458
472
486
500
515
529
543
557
572
586
600
615
629
643
657
672
686
700
714
729
743
757
771
786
800
814
828
843
857
871
885
900
914
928
942
957
971
985
999
1014
1028
1042
1056
1071
1085
1099
1113
1128
1142
1156
1170
1185
1199
1213
1228
1242
1256
1270
1285
1299
1313
1327
1342
1356
1370
1384
1399
1413
1427
1441
1456
1470
1484
1498
1513
1527
1541
1555
1570
1584
1598
1612
1627
1641
1655
1669
1684
1698
1712
1726
1741
1755
1769
1783
1798
1812
1826
1841
1855
1869
1883
1898
1912
1926
1940
1955
1969
1983
1997
2012
2026
2040
2054
2069
2083
2097
2111
2126
2146
2160
2174
2189
2203
2217
2232
2246
2260
2275
2289
2303
2317
2332
2346
2360
2375
2389
2403
2418
2432
2446
2460
2475
2489
2503
2518
2532
2546
2561
2575
2589
2603
2618
2632
2646
2661
2675
2689
2704
2718
2732
2746
2761
2775
2789
2804
2818
2832
2847
2861
2875
2889
2904
2918
2932
2947
2961
2975
2990
3004
3018
3032
3047
3061
3075
3090
3104
3118
3133
3147
3161
3175
3190
3204
3218
3233
3247
3261
3276
3290
3304
3319
3333
3347
3361
3376
3390
3404
3419
3433
3447
3462
3476
3490
3504
3519
3533
3547
3562
3576
3590
3605
3619
3633
3647
3662
3676
3690
3705
3719
3733
3748
3762
3776
3790
3812
3831
3851
3870
3890
3909
3929
3948
3967
3987
4006
4026
4045
4065
4084
4103
4123
4142
4162
4181
4201
4220
4239
4259
4278
4298
4317
4337
4356
4376
4395
4414
4434
4453
4473
4492
4512
4531
4550
4570
4589
4609
4628
4648
4667
4686
4706
4725
4745
4764
4784
4803
4822
4842
4861
4881
4900
4920
4939
4959
4978
4997
5017
5036
5056
5075
5095
5114
5133
5153
5172
5192
5211
5231
5250
5269
5289
5308
5328
5347
5367
5386
5405
5425
5444
5464
5483
5503
5522
5542
5561
5580
5600
5619
5639
5658
5678
5697
5716
5736
5755
5775
5794
5814
5833
5852
5872
5891
5911
5930
5950
5969
5988
6008
6027
6047
6066
6086
6105
6125
6144
6163
6183
6202
6222
6241
6261
6280
6299
6319
6338
6358
6377
6397
6416
6435
6455
6474
6494
6513
6533
6552
6571
6591
6610
6630
6649
6669
6688
6708
6727
6746
6766
6785
6805
6824
6844
6863
6894
6915
6936
6957
6978
6999
7020
7041
7062
7083
7104
7125
7146
7167
7188
7209
7231
7252
7273
7294
7315
7336
7357
7378
7399
7420
7441
7462
7483
7504
7525
7546
7568
7589
7610
7631
7652
7673
7694
7715
7736
7757
7778
7799
7820
7841
7862
7883
7904
7926
7947
7968
7989
8010
8031
8052
8073
8094
8115
8136
8157
8178
8199
8220
8241
8263
8284
8305
8326
8347
8368
8389
8410
8431
8452
8473
8494
8515
8536
8557
8578
8599
8621
8642
8663
8684
8705
8726
8747
8768
8789
8810
8831
8852
8873
8916
8940
8964
8988
9012
9036
9060
9084
9108
9132
9156
9180
9204
9228
9251
9275
9299
9323
9347
9371
9395
9419
9443
9467
9491
9515
9539
9563
9587
9610
9634
9658
9682
9706
9730
9754
9778
9802
9826
9850
9874
9898
9922
9945
9969
9993
10017
10041
10065
10089
10113
10137
10161
10185
10209
10233
10257
10281
10304
10328
10352
10376
10400
10424
10448
10472
10496
10520
10544
10568
10592
10616
10640
10663
10687
10711
10735
10759
10783
10807
10831
10855
10879
10903
10927
10951
10975
10998
11022
11046
11070
11094
11118
11142
11166
11190
11214
11238
11262
11286
11310
11334
11357
11381
11404
11425
11445
11466
11486
11507
11528
11548
11569
11589
11610
11631
11651
11672
11692
11713
11734
11754
11775
11795
11816
11837
11857
11878
11898
11919
11940
11960
11981
12001
12022
12043
12063
12084
12104
12125
12146
12166
12187
12207
12228
12249
12269
12290
12310
12331
12352
12372
12393
12413
12434
12455
12475
12496
12516
12537
12558
12578
12599
12619
12640
12661
12681
12702
12722
12743
12764
12784
12805
12825
12846
12867
12887
12908
12928
12949
12970
12990
13011
13031
13052
13073
13093
13114
13134
13155
13176
13196
13217
13237
13258
13279
13299
13320
13340
13361
13382
13402
13423
13443
13464
13485
13505
13526
13546
13567
13588
13608
13629
13649
13670
13691
13711
13732
13752
13773
13794
13814
13835
13855
13876
13897
13917
13938
13958
13979
14000
14020
14041
14061
14082
14103
14123
14173
14202
14231
14260
14289
14318
14347
14376
14405
14434
14463
14492
14521
14551
14580
14609
14638
14667
14696
14725
14754
14783
14812
14841
14870
14899
14929
14958
14987
15016
15045
15074
15103
15132
15161
15190
15219
15248
15277
15306
15336
15365
15394
15423
15452
15481
15510
15539
15568
15597
15626
15655
15684
15714
15743
15772
15801
15830
15859
15888
15917
15946
15975
16004
16033
16062
16092
16121
16150
16179
16208
16237
16266
16295
16324
16353
16382
16411
16440
16469
16499
16528
16557
16586
16615
16644
16673
16702
16731
16760
16789
16818
16847
16877
16906
16935
16964
16993
17022
17051
17080
17109
17138
17167
17196
17225
17255
17284
17313
17342
17371
17400
17429
17458
17487
17516
17545
17574
17603
17632
17662
17691
17720
17749
17778
17807
17836
17865
17894
17923
17952
17981
18025
18055
18085
18116
18146
18176
18207
18237
18267
18298
18328
18358
18389
18419
18449
18480
18510
18540
18571
18601
18631
18661
18692
18722
18752
18783
18813
18843
18874
18904
18934
18965
18995
19025
19056
19086
19116
19147
19177
19207
19238
19268
19298
19328
19359
19389
19419
19450
19480
19510
19541
19571
19601
19632
19662
19692
19723
19753
19783
19814
19844
19874
19905
19935
19965
19995
20026
20056
20086
20117
20147
20177
20208
20238
20268
20299
20329
20359
20390
20420
20450
20481
20511
20541
20572
20602
20632
20662
20693
20723
20753
20784
20814
20844
20875
20905
20935
20966
20996
21026
21057
21087
21117
21148
21178
21208
21239
21269
21299
21329
21360
21390
21420
21451
21481
21511
21542
21572
21602
21633
21663
21693
21724
21754
21784
21815
21845
21875
21906
21947
21959
21971
21983
21995
22007
22019
22031
22043
22055
22067
22079
22091
22103
22115
22127
22139
22151
22163
22175
22187
22199
22211
22223
22235
22247
22259
22271
22283
22295
22307
22319
22331
22343
22355
22367
22379
22391
22403
22415
22427
22439
22451
22463
22475
22487
22499
22511
22523
22535
22547
22559
22571
22583
22595
22607
22619
22631
22643
22655
22667
22679
22691
22703
22715
22727
22739
22751
22763
22775
22787
22799
22811
22823
22835
22847
22859
22871
22883
22895
22907
22919
22931
22943
22955
22967
22979
22991
23003
23015
23026
23038
23050
23062
23074
23086
23098
23110
23122
23134
23146
23158
23170
23182
23194
23206
23218
23230
23242
23254
23277
23289
23301
23312
23324
23336
23348
23359
23371
23383
23395
23406
23418
23430
23442
23453
23465
23477
23489
23500
23512
23524
23536
23547
23559
23571
23583
23594
23606
23618
23629
23641
23653
23665
23676
23688
23700
23712
23723
23735
23747
23759
23770
23782
23794
23806
23817
23829
23841
23853
23864
23876
23888
23900
23911
23923
23935
23946
23958
23970
23982
23993
24005
24017
24029
24040
24052
24064
24076
24087
24099
24111
24123
24134
24146
24158
24170
24181
24193
24205
24217
24228
24240
24252
24264
24275
24287
24299
24310
24322
24334
24346
24357
24369
24381
24393
24404
24416
24428
24440
24451
24463
24475
24487
24498
24510
24522
24534
24545
24557
24569
24581
24592
24604
24616
24627
24639
24651
24663
24674
24686
24698
24710
24721
24733
24745
24757
24768
24780
24792
24804
24815
24827
24839
24851
24862
24874
24886
24905
24915
24925
24934
24944
24954
24964
24973
24983
24993
25003
25012
25022
25032
25042
25051
25061
25071
25080
25090
25100
25110
25119
25129
25139
25149
25158
25168
25178
25188
25197
25207
25217
25227
25236
25246
25256
25265
25275
25285
25295
25304
25314
25324
25334
25343
25353
25363
25373
25382
25392
25402
25412
25421
25431
25441
25450
25460
25470
25480
25489
25499
25509
25519
25528
25538
25548
25558
25567
25577
25587
25596
25606
25616
25626
25635
25645
25655
25665
25674
25684
25694
25704
25713
25723
25733
25743
25752
25762
25772
25781
25791
25801
25811
25820
25830
25840
25850
25859
25869
25879
25889
25898
25908
25918
25928
25937
25947
25957
25966
25976
25986
25996
26005
26015
26025
26035
26044
26054
26064
26074
26083
26093
26103
26113
26122
26132
26151
26166
26180
26195
26210
26224
26239
26253
26268
26283
26297
26312
26326
26341
26356
26370
26385
26400
26414
26429
26443
26458
26473
26487
26502
26516
26531
26546
26560
26575
26590
26604
26619
26633
26648
26663
26677
26692
26706
26721
26736
26750
26765
26779
26794
26809
26823
26838
26853
26867
26882
26896
26911
26926
26940
26955
26969
26984
26999
27013
27028
27043
27057
27072
27086
27101
27116
27130
27145
27159
27174
27189
27203
27218
27232
27247
27262
27276
27291
27306
27320
27335
27349
27364
27379
27393
27408
27422
27437
27452
27466
27481
27496
27510
27525
27539
27554
27569
27583
27598
27612
27627
27642
27656
27671
27686
27700
27715
27729
27744
27759
27773
27788
27802
27817
27832
27846
27861
27875
27890
27905
27919
27934
27949
27963
27978
27992
28007
28022
28036
28051
28065
28080
28095
28114
28131
28147
28164
28180
28197
28213
28230
28246
28263
28280
28296
28313
28329
28346
28362
28379
28395
28412
28429
28445
28462
28478
28495
28511
28528
28544
28561
28578
28594
28611
28627
28644
28660
28677
28693
28710
28727
28743
28760
28776
28793
28809
28826
28842
28859
28876
28892
28909
28925
28942
28958
28975
28991
29008
29025
29041
29058
29074
29091
29107
29124
29140
29157
29174
29190
29207
29223
29240
29256
29273
29289
29306
29323
29339
29356
29372
29389
29405
29422
29438
29455
29472
29488
29505
29521
29538
29554
29571
29587
29604
29621
29637
29654
29670
29687
29703
29720
29736
29753
29770
29786
29803
29819
29836
29852
29869
29885
29902
29919
29949
29970
29991
30012
30033
30054
30075
30096
30117
30138
30159
30180
30201
30222
30243
30264
30285
30306
30327
30348
30369
30390
30411
30432
30453
30474
30495
30516
30537
30558
30579
30600
30621
30642
30663
30684
30705
30726
30746
30767
30788
30809
30830
30851
30872
30893
30914
30935
30956
30977
30998
31019
31040
31061
31082
31103
31124
31145
31166
31187
31208
31229
31250
31271
31292
31313
31334
31355
31376
31397
31418
31439
31460
31481
31502
31523
31543
31564
31585
31606
31627
31648
31669
31690
31711
31732
31753
31774
31795
31816
31837
31858
31879
31900
31921
31942
31963
31984
32005
32026
32047
32068
32089
32110
32131
32152
32173
32194
32215
32236
32257
32278
32299
32320
32340
32361
32382
32403
32424
32445
32466
32487
32508
32529
32550
32571
32592
32613
32642
32665
32688
32711
32735
32758
32781
32804
32827
32851
32874
32897
32920
32944
32967
32990
33013
33036
33060
33083
33106
33129
33153
33176
33199
33222
33245
33269
33292
33315
33338
33361
33385
33408
33431
33454
33478
33501
33524
33547
33570
33594
33617
33640
33663
33687
33710
33733
33756
33779
33803
33826
33849
33872
33896
33919
33942
33965
33988
34012
34035
34058
34081
34104
34128
34151
34174
34197
34221
34244
34267
34290
34313
34337
34360
34383
34406
34430
34453
34476
34499
34522
34546
34569
34592
34615
34638
34662
34685
34708
34731
34755
34778
34801
34824
34847
34871
34894
34917
34940
34964
34987
35010
35033
35056
35080
35103
35126
35149
35173
35196
35219
35242
35265
35298
35326
35355
35383
35412
35440
35469
35497
35526
35554
35583
35611
35640
35668
35697
35725
35754
35782
35811
35839
35868
35896
35925
35953
35981
36010
36038
36067
36095
36124
36152
36181
36209
36238
36266
36295
36323
36352
36380
36409
36437
36466
36494
36523
36551
36580
36608
36637
36665
36693
36722
36750
36779
36807
36836
36864
36893
36921
36950
36978
37007
37035
37064
37092
37121
37149
37178
37206
37235
37263
37292
37320
37349
37377
37405
37434
37462
37491
37519
37548
37576
37605
37633
37662
37690
37719
37747
37776
37804
37833
37861
37890
37918
37947
37975
38004
38032
38061
38089
38117
38146
38174
38203
38231
38260
38288
38317
38345
38374
38402
38431
38459
38488
38516
38545
38573
38602
38630
38659
38687
38716
38744
38773
38833
38877
38921
38964
39008
39052
39095
39139
39183
39226
39270
39314
39357
39401
39445
39489
39532
39576
39620
39663
39707
39751
39794
39838
39882
39925
39969
40013
40057
40100
40144
40188
40231
40275
40319
40362
40406
40450
40493
40537
40581
40624
40668
40712
40756
40799
40843
40887
40930
40974
41018
41061
41105
41149
41192
41236
41280
41324
41367
41411
41455
41498
41542
41586
41629
41673
41717
41760
41804
41848
41891
41935
41979
42023
42066
42110
42154
42197
42241
42285
42328
42372
42416
42459
42503
42547
42591
42634
42678
42747
42774
42801
42828
42855
42882
42909
42936
42963
42990
43016
43043
43070
43097
43124
43151
43178
43205
43232
43259
43286
43312
43339
43366
43393
43420
43447
43474
43501
43528
43555
43582
43608
43635
43662
43689
43716
43743
43770
43797
43824
43851
43878
43904
43931
43958
43985
44012
44039
44066
44093
44120
44147
44174
44200
44227
44254
44281
44308
44335
44362
44389
44416
44443
44470
44496
44523
44550
44577
44604
44631
44658
44685
44712
44739
44766
44792
44819
44846
44873
44900
44927
44954
44981
45008
45035
45062
45088
45115
45142
45169
45196
45223
45250
45277
45304
45331
45357
45384
45411
45438
45465
45492
45519
45546
45573
45600
45627
45653
45680
45707
45734
45761
45788
45815
45842
45869
45896
45923
45949
45976
46003
46030
46057
46084
46111
46138
46165
46192
46219
46245
46272
46299
46326
46353
46380
46397
46413
46429
46445
46461
46477
46493
46509
46525
46541
46557
46573
46589
46605
46621
46637
46653
46670
46686
46702
46718
46734
46750
46766
46782
46798
46814
46830
46846
46862
46878
46894
46910
46926
46942
46959
46975
46991
47007
47023
47039
47055
47071
47087
47103
47119
47135
47151
47167
47183
47199
47215
47231
47248
47264
47280
47296
47312
47328
47344
47360
47376
47392
47408
47424
47440
47456
47472
47488
47504
47520
47537
47553
47569
47585
47601
47617
47633
47649
47665
47681
47697
47723
47744
47765
47786
47808
47829
47850
47871
47893
47914
47935
47956
47977
47999
48020
48041
48062
48084
48105
48126
48147
48168
48190
48211
48232
48253
48275
48296
48317
48338
48360
48381
48402
48423
48444
48466
48487
48508
48529
48551
48572
48593
48614
48635
48657
48678
48699
48720
48742
48763
48784
48805
48827
48848
48869
48890
48911
48933
48954
48975
48996
49018
49039
49060
49081
49102
49124
49145
49166
49187
49209
49230
49251
49272
49294
49315
49336
49357
49378
49400
49421
49442
49463
49485
49506
49527
49548
49569
49591
49612
49633
49654
49676
49697
49718
49739
49760
49782
49803
49824
49845
49867
49888
49909
49936
49960
49984
50008
50032
50056
50080
50104
50128
50152
50176
50200
50224
50248
50272
50296
50320
50344
50368
50392
50416
50440
50464
50488
50512
50536
50560
50584
50608
50632
50656
50680
50704
50728
50752
50776
50800
50824
50848
50872
50896
50920
50944
50968
50992
51016
51040
51064
51088
51112
51136
51161
51185
51209
51233
51257
51281
51305
51329
51353
51377
51401
51425
51449
51473
51497
51521
51545
51569
51593
51617
51641
51665
51689
51713
51737
51761
51785
51809
51833
51857
51881
51905
51929
51953
51977
52001
52025
52049
52073
52097
52121
52145
52169
52193
52217
52241
52265
52289
52313
52337
52361
52385
52410
52434
52458
52482
52506
52530
52554
52578
52602
52626
52650
52674
52698
52722
52746
52770
52794
52818
52842
52866
52890
52914
52949
52965
52981
52998
53014
53030
53046
53063
53079
53095
53111
53128
53144
53160
53176
53193
53209
53225
53241
53258
53274
53290
53307
53323
53339
53355
53372
53388
53404
53420
53437
53453
53469
53485
53502
53518
53534
53550
53567
53583
53599
53616
53632
53648
53664
53681
53697
53713
53729
53746
53762
53778
53794
53811
53827
53843
53859
53876
53892
53908
53925
53941
53957
53973
53990
54006
54022
54038
54055
54071
54087
54103
54120
54136
54152
54168
54185
54201
54217
54233
54250
54266
54282
54299
54315
54331
54347
54364
54380
54396
54412
54429
54445
54461
54477
54494
54510
54526
54542
54559
54575
54591
54608
54624
54640
54656
54673
54689
54705
54721
54738
54754
54770
54786
54803
54819
54835
54851
54868
54884
54900
54917
54933
54949
54965
54982
54998
55014
55030
55047
55063
55079
55095
55112
55128
55144
55160
55177
55193
55209
55226
55240
55253
55267
55280
55294
55307
55321
55335
55348
55362
55375
55389
55402
55416
55430
55443
55457
55470
55484
55497
55511
55525
55538
55552
55565
55579
55592
55606
55620
55633
55647
55660
55674
55687
55701
55715
55728
55742
55755
55769
55782
55796
55809
55823
55837
55850
55864
55877
55891
55904
55918
55932
55945
55959
55972
55986
55999
56013
56027
56040
56054
56067
56081
56094
56108
56122
56135
56149
56162
56176
56189
56203
56217
56230
56244
56257
56271
56284
56298
56311
56325
56339
56352
56366
56379
56393
56406
56420
56434
56447
56461
56474
56488
56501
56515
56529
56542
56556
56569
56583
56596
56610
56624
56637
56651
56664
56678
56691
56705
56719
56732
56746
56759
56773
56786
56800
56814
56827
56841
56854
56868
56881
56895
56908
56922
56937
56950
56963
56977
56990
57003
57016
57030
57043
57056
57070
57083
57096
57109
57123
57136
57149
57163
57176
57189
57202
57216
57229
57242
57256
57269
57282
57295
57309
57322
57335
57349
57362
57375
57388
57402
57415
57428
57442
57455
57468
57481
57495
57508
57521
57535
57548
57561
57574
57588
57601
57614
57628
57641
57654
57667
57681
57694
57707
57721
57734
57747
57760
57774
57787
57800
57814
57827
57840
57853
57867
57880
57893
57907
57920
57933
57946
57960
57973
57986
58000
58013
58026
58039
58053
58066
58079
58093
58106
58119
58132
58146
58159
58172
58186
58199
58212
58225
58239
58252
58265
58279
58292
58305
58318
58332
58345
58358
58372
58385
58398
58411
58425
58438
58451
58465
58478
58491
58504
58518
58531
58544
58558
58571
58595
58607
58618
58630
58641
58653
58664
58676
58687
58699
58711
58722
58734
58745
58757
58768
58780
58791
58803
58814
58826
58838
58849
58861
58872
58884
58895
58907
58918
58930
58942
58953
58965
58976
58988
58999
59011
59022
59034
59045
59057
59069
59080
59092
59103
59115
59126
59138
59149
59161
59173
59184
59196
59207
59219
59230
59242
59253
59265
59276
59288
59300
59311
59323
59334
59346
59357
59369
59380
59392
59403
59415
59427
59438
59450
59461
59473
59484
59496
59507
59519
59538
59551
59564
59577
59590
59603
59616
59629
59642
59655
59668
59681
59694
59707
59720
59733
59746
59759
59772
59785
59798
59811
59824
59837
59850
59863
59876
59889
59902
59915
59928
59941
59954
59967
59980
59994
60007
60020
60033
60046
60059
60072
60085
60098
60111
60124
60137
60150
60163
60176
60189
60202
60215
60228
60241
60254
60267
60280
60293
60306
60319
60332
60345
60358
60371
60384
60397
60410
60423
60436
60450
60463
60476
60489
60502
60515
60528
60541
60554
60567
60580
60593
60606
60619
60632
60645
60658
60671
60684
60697
60710
60723
60736
60749
60762
60775
60788
60801
60814
60827
60840
60853
60866
60879
60892
60906
60919
60932
60945
60958
60971
60984
60997
61010
61023
61036
61049
61062
61075
61088
61101
61114
61127
61140
61153
61166
61179
61192
61205
61218
61231
61244
61257
61270
61283
61296
61309
61322
61335
61348
61361
61375
61401
61417
61433
61449
61465
61481
61497
61513
61529
61545
61561
61577
61593
61609
61625
61642
61658
61674
61690
61706
61722
61738
61754
61770
61786
61802
61818
61834
61850
61866
61882
61899
61915
61931
61947
61963
61979
61995
62011
62027
62043
62059
62075
62091
62107
62123
62139
62156
62172
62188
62204
62220
62236
62252
62268
62284
62300
62316
62332
62348
62364
62380
62397
62413
62429
62445
62461
62477
62493
62509
62525
62541
62557
62573
62589
62605
62621
62637
62654
62670
62686
62702
62718
62734
62750
62766
62782
62798
62814
62830
62846
62862
62878
62894
62911
62927
62943
62959
62975
62991
63007
63023
63039
63055
63071
63087
63103
63119
63135
63152
63168
63184
63200
63216
63232
63248
63264
63280
63296
63312
63328
63344
63360
63376
63392
63409
63425
63441
63457
63473
63489
63505
63521
63537
63553
63569
63585
63611
63627
63643
63659
63675
63690
63706
63722
63738
63754
63770
63785
63801
63817
63833
63849
63865
63880
63896
63912
63928
63944
63959
63975
63991
64007
64023
64039
64054
64070
64086
64102
64118
64134
64149
64165
64181
64197
64213
64228
64244
64260
64276
64292
64308
64323
64339
64355
64371
64387
64403
64418
64434
64450
64466
64482
64497
64513
64529
64545
64561
64577
64592
64608
64624
64640
64656
64672
64687
64703
64719
64735
64751
64766
64782
64798
64814
64830
64846
64861
64877
64893
64909
64925
64941
64956
64972
64988
65004
65020
65036
65051
65067
65083
65099
65115
65130
65146
65162
65178
65194
65210
65225
65241
65257
65273
65289
65305
65320
65336
65352
65368
65384
65414
65433
65451
65470
65488
65507
65525
65544
65562
65581
65599
65618
65636
65655
65673
65692
65710
65729
65747
65766
65785
65803
65822
65840
65859
65877
65896
65914
65933
65951
65970
65988
66007
66025
66044
66062
66081
66099
66118
66137
66155
66174
66192
66211
66229
66248
66266
66285
66303
66322
66340
66359
66377
66396
66414
66433
66451
66470
66489
66507
66526
66544
66563
66581
66600
66618
66637
66655
66674
66692
66711
66729
66748
66766
66785
66803
66822
66840
66859
66878
66896
66915
66933
66952
66970
66989
67007
67026
67044
67063
67081
67100
67118
67137
67155
67174
67192
67211
67230
67248
67267
67285
67304
67322
67341
67359
67381
67395
67409
67423
67438
67452
67466
67480
67494
67509
67523
67537
67551
67566
67580
67594
67608
67622
67637
67651
67665
67679
67694
67708
67722
67736
67750
67765
67779
67793
67807
67821
67836
67850
67864
67878
67893
67907
67921
67935
67949
67964
67978
67992
68006
68021
68035
68049
68063
68077
68092
68106
68120
68134
68148
68163
68177
68191
68205
68220
68234
68248
68262
68276
68291
68305
68319
68333
68348
68362
68376
68390
68404
68419
68433
68447
68461
68475
68490
68504
68518
68532
68547
68561
68575
68589
68603
68618
68632
68646
68660
68675
68689
68703
68717
68731
68746
68760
68774
68788
68802
68817
68831
68845
68859
68874
68888
68902
68916
68930
68945
68959
68973
68987
69002
69016
69030
69044
69058
69073
69087
69101
69115
69129
69144
69158
69172
69186
69210
69223
69236
69249
69262
69275
69288
69301
69314
69327
69340
69353
69366
69379
69392
69405
69418
69431
69444
69457
69470
69483
69496
69509
69522
69535
69548
69561
69574
69587
69600
69613
69626
69639
69652
69665
69678
69691
69704
69717
69730
69743
69756
69768
69781
69794
69807
69820
69833
69846
69859
69872
69885
69898
69911
69924
69937
69950
69963
69976
69989
70002
70015
70028
70041
70054
70067
70080
70093
70106
70119
70132
70145
70158
70171
70184
70197
70210
70223
70236
70249
70262
70275
70288
70301
70314
70327
70339
70352
70365
70378
70391
70404
70417
70430
70443
70456
70469
70482
70495
70508
70521
70534
70547
70560
70573
70586
70599
70612
70625
70638
70651
70664
70677
70690
70703
70716
70729
70742
70755
70768
70781
70794
70809
70821
70832
70844
70855
70867
70878
70890
70901
70913
70924
70936
70948
70959
70971
70982
70994
71005
71017
71028
71040
71051
71063
71075
71086
71098
71109
71121
71132
71144
71155
71167
71178
71190
71202
71213
71225
71236
71248
71259
71271
71282
71294
71305
71317
71329
71340
71352
71363
71375
71386
71398
71409
71421
71432
71444
71456
71467
71479
71490
71502
71513
71525
71536
71548
71559
71571
71582
71594
71606
71617
71629
71640
71652
71663
71675
71686
71698
71709
71721
71733
71744
71756
71767
71779
71790
71802
71813
71825
71836
71848
71860
71871
71883
71894
71906
71917
71929
71940
71952
71963
71975
71987
71998
72010
72021
72033
72044
72056
72067
72079
72090
72102
72114
72125
72137
72148
72160
72171
72183
72194
72206
72217
72229
72241
72252
72264
72275
72287
72298
72310
72321
72333
72344
72356
72367
72379
72391
72402
72414
72425
72437
72448
72460
72471
72483
72494
72506
72518
72537
72546
72555
72564
72573
72582
72591
72600
72609
72618
72627
72636
72645
72653
72662
72671
72680
72689
72698
72707
72716
72725
72734
72743
72752
72761
72770
72778
72787
72796
72805
72814
72823
72832
72841
72850
72859
72868
72877
72886
72895
72903
72912
72921
72930
72939
72948
72957
72966
72975
72984
72993
73002
73011
73020
73028
73037
73046
73055
73064
73073
73082
73091
73100
73109
73118
73127
73136
73145
73153
73162
73171
73180
73189
73198
73207
73216
73225
73234
73243
73252
73261
73270
73278
73287
73296
73305
73314
73323
73332
73341
73350
73359
73368
73377
73386
73395
73403
73412
73421
73430
73439
73448
73457
73466
73475
73484
73493
73502
73511
73519
73528
73537
73546
73555
73564
73573
73582
73591
73600
73609
73618
73627
73636
73646
73654
73661
73669
73677
73684
73692
73700
73707
73715
73723
73730
73738
73746
73753
73761
73769
73776
73784
73792
73799
73807
73815
73822
73830
73838
73845
73853
73861
73868
73876
73884
73891
73899
73907
73914
73922
73930
73937
73945
73953
73960
73968
73976
73983
73991
73999
74006
74014
74022
74029
74037
74045
74052
74060
74068
74075
74083
74091
74098
74106
74114
74121
74129
74137
74144
74152
74160
74167
74175
74183
74190
74198
74206
74213
74221
74229
74236
74244
74252
74259
74267
74275
74282
74290
74298
74305
74313
74321
74328
74336
74344
74351
74359
74367
74374
74382
74390
74397
74405
74413
74420
74428
74436
74443
74451
74459
74466
74474
74482
74489
74497
74505
74512
74520
74528
74535
74543
74551
74558
74566
74573
74581
74589
74596
74604
74616
74622
74629
74635
74642
74648
74654
74661
74667
74674
74680
74687
74693
74699
74706
74712
74719
74725
74731
74738
74744
74751
74757
74764
74770
74776
74783
74789
74796
74802
74809
74815
74821
74828
74834
74841
74847
74853
74860
74866
74873
74879
74886
74892
74898
74905
74911
74918
74924
74930
74937
74943
74950
74956
74963
74969
74975
74982
74988
74995
75001
75008
75014
75020
75027
75033
75040
75046
75052
75059
75065
75072
75078
75085
75091
75097
75104
75110
75117
75123
75129
75136
75142
75149
75155
75162
75168
75174
75181
75187
75194
75200
75207
75213
75219
75226
75232
75239
75245
75251
75258
75264
75271
75277
75284
75290
75296
75303
75309
75316
75322
75328
75335
75341
75348
75354
75361
75367
75373
75380
75386
75393
75399
75406
75412
75418
75425
75431
75438
75444
75450
75457
75463
75470
75476
75487
75494
75501
75508
75515
75522
75529
75536
75543
75550
75557
75564
75571
75578
75585
75592
75599
75606
75613
75620
75627
75634
75641
75648
75655
75662
75669
75676
75683
75690
75697
75704
75711
75718
75725
75732
75739
75746
75753
75760
75767
75774
75781
75788
75795
75802
75809
75816
75823
75830
75837
75844
75851
75858
75865
75872
75879
75886
75893
75900
75907
75914
75921
75928
75934
75941
75948
75955
75962
75969
75976
75983
75990
75997
76004
76011
76018
76025
76032
76039
76046
76053
76060
76067
76074
76081
76088
76095
76102
76109
76116
76123
76130
76137
76144
76151
76158
76165
76172
76179
76186
76193
76200
76207
76214
76221
76228
76235
76242
76249
76256
76263
76270
76277
76284
76291
76298
76305
76312
76319
76326
76333
76340
76347
76354
76361
76368
76375
76389
76397
76406
76414
76423
76431
76440
76448
76456
76465
76473
76482
76490
76499
76507
76515
76524
76532
76541
76549
76558
76566
76574
76583
76591
76600
76608
76617
76625
76633
76642
76650
76659
76667
76676
76684
76692
76701
76709
76718
76726
76735
76743
76751
76760
76768
76777
76785
76794
76802
76810
76819
76827
76836
76844
76853
76861
76870
76878
76886
76895
76903
76912
76920
76929
76937
76945
76954
76962
76971
76979
76988
76996
77004
77013
77021
77030
77038
77047
77055
77063
77072
77080
77089
77097
77106
77114
77122
77131
77139
77148
77156
77165
77173
77181
77190
77198
77207
77215
77224
77232
77240
77249
77257
77266
77274
77283
77291
77299
77308
77316
77325
77333
77342
77350
77359
77367
77375
77384
77392
77401
77409
77418
77426
77434
77443
77451
77460
77468
77477
77485
77493
77502
77510
77519
77531
77541
77551
77561
77571
77581
77591
77600
77610
77620
77630
77640
77650
77660
77669
77679
77689
77699
77709
77719
77729
77738
77748
77758
77768
77778
77788
77798
77807
77817
77827
77837
77847
77857
77867
77877
77886
77896
77906
77916
77926
77936
77946
77955
77965
77975
77985
77995
78005
78015
78024
78034
78044
78054
78064
78074
78084
78093
78103
78113
78123
78133
78143
78153
78163
78172
78182
78192
78202
78212
78222
78232
78241
78251
78261
78271
78281
78291
78301
78310
78320
78330
78340
78350
78360
78370
78379
78389
78399
78409
78419
78429
78439
78449
78458
78468
78478
78488
78498
78508
78518
78527
78537
78547
78557
78567
78577
78587
78596
78606
78616
78626
78645
78659
78672
78686
78699
78713
78726
78740
78753
78767
78780
78794
78807
78821
78834
78848
78861
78875
78888
78902
78915
78929
78943
78956
78970
78983
78997
79010
79024
79037
79051
79064
79078
79091
79105
79118
79132
79145
79159
79172
79186
79199
79213
79226
79240
79254
79267
79281
79294
79308
79321
79335
79348
79362
79375
79389
79402
79416
79429
79443
79456
79470
79483
79497
79510
79524
79537
79551
79565
79578
79592
79605
79619
79632
79646
79659
79673
79686
79700
79713
79727
79740
79754
79767
79781
79794
79808
79821
79835
79848
79862
79876
79889
79903
79916
79930
79943
79957
79970
79984
79997
80011
80024
80038
80051
80065
80078
80092
80105
80119
80132
80146
80159
80173
80187
80200
80214
80227
80241
80254
80268
80281
80295
80308
80322
80335
80349
80362
80376
80389
80403
80416
80430
80443
80457
80470
80484
80498
80511
80525
80538
80552
80565
80579
80597
80612
80627
80642
80656
80671
80686
80701
80715
80730
80745
80760
80774
80789
80804
80819
80833
80848
80863
80878
80893
80907
80922
80937
80952
80966
80981
80996
81011
81025
81040
81055
81070
81084
81099
81114
81129
81144
81158
81173
81188
81203
81217
81232
81247
81262
81276
81291
81306
81321
81335
81350
81365
81380
81395
81409
81424
81439
81454
81468
81483
81498
81513
81527
81542
81557
81572
81586
81601
81616
81631
81645
81660
81675
81690
81705
81719
81734
81749
81764
81778
81793
81808
81823
81837
81852
81867
81882
81896
81911
81926
81941
81956
81970
81985
82000
82015
82029
82044
82059
82074
82088
82103
82118
82133
82147
82162
82177
82192
82207
82221
82236
82251
82266
82280
82295
82310
82325
82339
82354
82369
82384
82398
82413
82435
82447
82460
82472
82484
82497
82509
82521
82534
82546
82558
82571
82583
82596
82608
82620
82633
82645
82657
82670
82682
82694
82707
82719
82731
82744
82756
82769
82781
82793
82806
82818
82830
82843
82855
82867
82880
82892
82904
82917
82929
82942
82954
82966
82979
82991
83003
83016
83028
83040
83053
83065
83077
83090
83102
83115
83127
83139
83152
83164
83176
83189
83201
83213
83226
83238
83250
83263
83275
83288
83300
83312
83325
83337
83349
83362
83374
83386
83399
83411
83423
83436
83448
83461
83473
83485
83498
83510
83522
83535
83547
83559
83572
83584
83596
83609
83621
83634
83646
83658
83671
83683
83695
83708
83720
83732
83745
83757
83769
83782
83794
83807
83819
83831
83844
83856
83868
83881
83893
83905
83918
83930
83942
83955
83967
83980
83992
84013
84033
84053
84073
84093
84113
84133
84153
84173
84193
84213
84233
84253
84273
84293
84313
84333
84353
84373
84393
84413
84433
84453
84473
84493
84513
84533
84552
84572
84592
84612
84632
84652
84672
84692
84712
84732
84752
84772
84792
84812
84832
84852
84872
84892
84912
84932
84952
84972
84992
85012
85032
85052
85072
85091
85111
85131
85151
85171
85191
85211
85231
85251
85271
85291
85311
85331
85351
85371
85391
85411
85431
85451
85471
85491
85511
85531
85551
85571
85591
85611
85631
85650
85670
85690
85710
85730
85750
85770
85790
85810
85830
85850
85870
85890
85910
85930
85950
85970
85990
86010
86030
86050
86070
86090
86110
86130
86150
86170
86189
86209
86229
86249
86269
86289
86309
86329
86349
86369
86389
86420
86446
86473
86499
86525
86552
86578
86605
86631
86657
86684
86710
86737
86763
86789
86816
86842
86868
86895
86921
86948
86974
87000
87027
87053
87080
87106
87132
87159
87185
87211
87238
87264
87291
87317
87343
87370
87396
87423
87449
87475
87502
87528
87554
87581
87607
87634
87660
87686
87713
87739
87766
87792
87818
87845
87871
87897
87924
87950
87977
88003
88029
88056
88082
88109
88135
88161
88188
88214
88240
88267
88293
88320
88346
88372
88399
88425
88452
88478
88504
88531
88557
88583
88610
88636
88663
88689
88715
88742
88768
88795
88821
88847
88874
88900
88926
88953
88979
89006
89032
89058
89085
89111
89138
89164
89190
89217
89243
89269
89296
89322
89349
89375
89401
89428
89454
89481
89507
89533
89551
89567
89583
89599
89615
89631
89647
89663
89679
89695
89711
89727
89743
89759
89775
89791
89807
89823
89839
89855
89871
89887
89903
89919
89935
89951
89967
89983
89999
90015
90031
90047
90063
90079
90095
90111
90127
90143
90159
90175
90191
90207
90224
90240
90256
90272
90288
90304
90320
90336
90352
90368
90384
90400
90416
90432
90448
90464
90480
90496
90512
90528
90544
90560
90576
90592
90608
90624
90640
90656
90672
90688
90704
90720
90736
90752
90768
90784
90800
90816
90832
90848
90864
90880
90896
90913
90929
90945
90961
90977
90993
91009
91025
91041
91057
91073
91089
91105
91121
91137
91153
91169
91185
91201
91217
91233
91249
91265
91281
91297
91313
91329
91345
91361
91377
91393
91409
91425
91441
91457
91473
91489
91505
91521
91537
91553
91569
91585
91602
91618
91634
91650
91679
91693
91708
91722
91736
91751
91765
91779
91794
91808
91822
91837
91851
91865
91880
91894
91909
91923
91937
91952
91966
91980
91995
92009
92023
92038
92052
92066
92081
92095
92109
92124
92138
92153
92167
92181
92196
92210
92224
92239
92253
92267
92282
92296
92310
92325
92339
92354
92368
92382
92397
92411
92425
92440
92454
92468
92483
92497
92511
92526
92540
92554
92569
92583
92598
92612
92626
92641
92655
92669
92684
92698
92712
92727
92741
92755
92770
92784
92798
92813
92827
92842
92856
92870
92885
92899
92913
92928
92942
92956
92971
92985
92999
93014
93028
93043
93057
93071
93086
93100
93114
93129
93143
93157
93172
93186
93200
93215
93229
93243
93258
93272
93287
93301
93315
93330
93344
93358
93373
93387
93401
93437
93459
93481
93503
93525
93547
93569
93591
93613
93635
93657
93679
93701
93723
93745
93767
93789
93811
93833
93855
93877
93899
93921
93944
93966
93988
94010
94032
94054
94076
94098
94120
94142
94164
94186
94208
94230
94252
94274
94296
94318
94340
94362
94384
94406
94428
94451
94473
94495
94517
94539
94561
94583
94605
94627
94649
94671
94693
94715
94737
94759
94781
94803
94825
94847
94869
94891
94913
94935
94958
94980
95002
95024
95046
95068
95090
95112
95134
95156
95178
95200
95222
95244
95266
95288
95310
95332
95354
95376
95398
95420
95442
95464
95487
95509
95531
95553
95575
95597
95619
95641
95663
95685
95707
95729
95751
95773
95795
95817
95839
95861
95883
95905
95931
95956
95981
96006
96031
96056
96081
96106
96132
96157
96182
96207
96232
96257
96282
96307
96332
96358
96383
96408
96433
96458
96483
96508
96533
96558
96584
96609
96634
96659
96684
96709
96734
96759
96784
96810
96835
96860
96885
96910
96935
96960
96985
97010
97036
97061
97086
97111
97136
97161
97186
97211
97236
97262
97287
97312
97337
97362
97387
97412
97437
97462
97488
97513
97538
97563
97588
97613
97638
97663
97688
97714
97739
97764
97789
97814
97839
97864
97889
97914
97940
97965
97990
98015
98040
98065
98090
98115
98141
98166
98191
98216
98241
98266
98291
98316
98341
98367
98392
98417
98442
98467
98492
98517
98542
98567
98593
98618
98643
98668
98693
98718
98743
98768
98793
98819
98844
98869
98894
98919
98944
98969
98994
99019
99045
99078
99109
99140
99172
99203
99234
99265
99297
99328
99359
99391
99422
99453
99484
99516
99547
99578
99610
99641
99672
99703
99735
99766
99797
99829
99860
99891
99922
99954
99985
100016
100047
100079
100110
100141
100173
100204
100235
100266
100298
100329
100360
100392
100423
100454
100485
100517
100548
100579
100611
100642
100673
100704
100736
100767
100798
100830
100861
100892
100923
100955
100986
101017
101048
101080
101111
101142
101174
101205
101236
101267
101299
101330
101361
101393
101424
101455
101486
101518
101549
101580
101612
101643
101674
101705
101737
101768
101799
101831
101862
101893
101924
101956
101987
102018
102049
102081
102112
102143
102175
102206
102237
102268
102300
102331
102362
102394
102425
102456
102487
102519
102550
102581
102613
102644
102675
102706
102738
102769
102800
102832
102863
102894
102925
102957
102988
103019
103053
103068
103083
103098
103114
103129
103144
103159
103174
103190
103205
103220
103235
103251
103266
103281
103296
103311
103327
103342
103357
103372
103388
103403
103418
103433
103448
103464
103479
103494
103509
103525
103540
103555
103570
103585
103601
103616
103631
103646
103662
103677
103692
103707
103722
103738
103753
103768
103783
103799
103814
103829
103844
103859
103875
103890
103905
103920
103936
103951
103966
103981
103996
104012
104027
104042
104057
104073
104088
104103
104118
104133
104149
104164
104179
104194
104210
104225
104240
104255
104270
104286
104301
104316
104331
104346
104362
104377
104392
104407
104423
104438
104453
104468
104483
104499
104514
104529
104544
104560
104575
104590
104605
104620
104636
104651
104666
104681
104697
104712
104727
104742
104757
104773
104788
104811
104824
104837
104850
104863
104876
104889
104902
104915
104928
104941
104954
104967
104980
104993
105006
105019
105032
105045
105058
105071
105084
105097
105110
105123
105136
105149
105162
105175
105188
105201
105214
105227
105240
105253
105266
105279
105292
105305
105318
105331
105344
105357
105370
105383
105396
105409
105422
105435
105448
105461
105474
105487
105500
105514
105527
105540
105553
105566
105579
105592
105605
105618
105631
105644
105657
105670
105683
105696
105709
105722
105735
105748
105761
105774
105787
105800
105813
105826
105839
105852
105865
105878
105891
105904
105917
105930
105943
105956
105969
105982
105995
106008
106021
106034
106047
106060
106073
106086
106099
106112
106125
106138
106151
106164
106177
106190
106203
106217
106230
106243
106256
106269
106282
106295
106308
106321
106334
106347
106360
106373
106386
106397
106406
106416
106425
106434
106444
106453
106462
106472
106481
106490
106500
106509
106519
106528
106537
106547
106556
106565
106575
106584
106593
106603
106612
106622
106631
106640
106650
106659
106668
106678
106687
106696
106706
106715
106725
106734
106743
106753
106762
106771
106781
106790
106799
106809
106818
106828
106837
106846
106856
106865
106874
106884
106893
106902
106912
106921
106931
106940
106949
106959
106968
106977
106987
106996
107005
107015
107024
107034
107043
107052
107062
107071
107080
107090
107099
107108
107118
107127
107137
107146
107155
107165
107174
107183
107193
107202
107211
107221
107230
107240
107249
107258
107268
107277
107286
107296
107305
107314
107324
107333
107343
107352
107361
107371
107380
107389
107399
107408
107417
107427
107436
107446
107455
107464
107474
107483
107492
107502
107511
107520
107530
107539
107549
107558
107568
107577
107586
107595
107604
107613
107622
107631
107640
107650
107659
107668
107677
107686
107695
107704
107713
107722
107731
107741
107750
107759
107768
107777
107786
107795
107804
107813
107822
107832
107841
107850
107859
107868
107877
107886
107895
107904
107913
107923
107932
107941
107950
107959
107968
107977
107986
107995
108005
108014
108023
108032
108041
108050
108059
108068
108077
108086
108096
108105
108114
108123
108132
108141
108150
108159
108168
108177
108187
108196
108205
108214
108223
108232
108241
108250
108259
108268
108278
108287
108296
108305
108314
108323
108332
108341
108350
108359
108369
108378
108387
108396
108405
108414
108423
108432
108441
108451
108460
108469
108478
108487
108496
108505
108514
108523
108532
108542
108551
108560
108569
108578
108587
108596
108605
108614
108623
108633
108649
108659
108669
108680
108690
108700
108710
108721
108731
108741
108751
108762
108772
108782
108792
108803
108813
108823
108834
108844
108854
108864
108875
108885
108895
108905
108916
108926
108936
108946
108957
108967
108977
108988
108998
109008
109018
109029
109039
109049
109059
109070
109080
109090
109100
109111
109121
109131
109142
109152
109162
109172
109183
109193
109203
109213
109224
109234
109244
109254
109265
109275
109285
109296
109306
109316
109326
109337
109347
109357
109367
109378
109388
109398
109408
109419
109429
109439
109450
109460
109470
109480
109491
109501
109511
109521
109532
109542
109552
109562
109573
109583
109593
109604
109614
109624
109634
109645
109655
109665
109675
109686
109696
109706
109716
109727
109737
109747
109758
109768
109778
109788
109799
109809
109819
109829
109840
109850
109860
109870
109881
109891
109901
109911
109922
109932
109942
109953
109963
109973
109983
109994
110004
110014
110024
110035
110045
110055
110065
110076
110086
110096
110107
110117
110129
110138
110147
110157
110166
110175
110185
110194
110203
110213
110222
110231
110240
110250
110259
110268
110278
110287
110296
110306
110315
110324
110333
110343
110352
110361
110371
110380
110389
110399
110408
110417
110427
110436
110445
110454
110464
110473
110482
110492
110501
110510
110520
110529
110538
110547
110557
110566
110575
110585
110594
110603
110613
110622
110631
110641
110650
110659
110668
110678
110687
110696
110706
110715
110724
110734
110743
110752
110761
110771
110780
110789
110799
110808
110817
110827
110836
110845
110855
110864
110873
110882
110892
110901
110910
110920
110929
110938
110948
110957
110966
110975
110985
110994
111003
111013
111022
111031
111041
111050
111059
111069
111078
111087
111096
111106
111115
111124
111134
111143
111152
111162
111171
111180
111189
111199
111208
111217
111227
111236
111245
111255
111264
111273
111283
111292
111301
111310
111317
111324
111330
111337
111344
111350
111357
111364
111370
111377
111384
111390
111397
111404
111410
111417
111424
111430
111437
111444
111450
111457
111464
111470
111477
111484
111490
111497
111504
111510
111517
111524
111530
111537
111544
111550
111557
111564
111570
111577
111584
111590
111597
111604
111610
111617
111624
111630
111637
111644
111650
111657
111664
111670
111677
111684
111690
111697
111704
111710
111717
111724
111730
111737
111744
111750
111757
111764
111770
111777
111784
111790
111797
111804
111810
111817
111824
111830
111837
111844
111850
111857
111864
111870
111877
111884
111890
111897
111904
111910
111917
111924
111930
111937
111943
111950
111957
111963
111970
111977
111983
111990
111997
112003
112010
112019
112026
112033
112041
112048
112055
112063
112070
112077
112085
112092
112099
112107
112114
112121
112129
112136
112143
112150
112158
112165
112172
112180
112187
112194
112202
112209
112216
112224
112231
112238
112246
112253
112260
112267
112275
112282
112289
112297
112304
112311
112319
112326
112333
112341
112348
112355
112363
112370
112377
112389
112397
112405
112413
112421
112429
112437
112445
112453
112461
112469
112476
112484
112492
112500
112508
112516
112524
112532
112540
112548
112556
112564
112571
112579
112587
112595
112603
112611
112619
112627
112635
112643
112651
112659
112666
112674
112682
112690
112698
112706
112714
112722
112730
112738
112746
112754
112761
112769
112777
112785
112793
112801
112809
112817
112825
112833
112841
112849
112856
112864
112872
112880
112888
112896
112904
112912
112920
112928
112936
112944
112951
112959
112967
112975
112983
112991
112999
113007
113015
113023
113031
113039
113046
113054
113062
113070
113078
113086
113094
113102
113110
113118
113126
113134
113141
113149
113157
113165
113173
113181
113189
113197
113205
113213
113221
113228
113236
113244
113252
113260
113268
113276
113284
113292
113300
113308
113316
113323
113331
113339
113347
113355
113363
113371
113379
113387
113395
113403
113411
113418
113426
113434
113442
113450
113458
113466
113474
113482
113490
113498
113506
113513
113521
113529
113537
113545
113553
113561
113569
113577
113585
113593
113601
113608
113616
113624
113632
113640
113648
113656
113664
113672
113680
113688
113696
113703
113711
113718
113724
113730
113735
113741
113747
113753
113758
113764
113770
113776
113781
113787
113793
113799
113804
113810
113816
113822
113827
113833
113839
113845
113850
113856
113862
113868
113873
113879
113885
113891
113896
113902
113908
113914
113919
113925
113931
113937
113942
113948
113954
113960
113965
113971
113977
113983
113988
113994
114000
114006
114011
114017
114023
114029
114034
114040
114046
114052
114057
114063
114069
114075
114080
114086
114092
114098
114103
114109
114115
114121
114126
114132
114138
114144
114149
114155
114161
114167
114172
114178
114184
114190
114195
114201
114207
114213
114218
114224
114230
114236
114241
114247
114253
114259
114264
114270
114276
114282
114287
114293
114299
114305
114310
114316
114322
114328
114333
114339
114345
114351
114356
114362
114368
114374
114379
114385
114391
114397
114402
114408
114414
114420
114425
114431
114437
114442
114448
114454
114460
114468
114474
114480
114486
114492
114498
114503
114509
114515
114521
114527
114533
114539
114544
114550
114556
114562
114568
114574
114580
114585
114591
114597
114603
114609
114615
114621
114626
114632
114638
114644
114650
114656
114662
114667
114673
114679
114685
114691
114697
114703
114708
114714
114720
114726
114732
114738
114744
114749
114755
114761
114767
114773
114779
114785
114790
114796
114802
114808
114814
114820
114826
114831
114837
114843
114849
114855
114861
114867
114872
114878
114884
114890
114896
114902
114908
114913
114919
114925
114931
114937
114943
114949
114954
114960
114966
114972
114978
114984
114990
114995
115001
115007
115013
115019
115025
115031
115036
115042
115048
115054
115060
115066
115072
115077
115083
115089
115095
115101
115107
115113
115118
115124
115130
115136
115142
115148
115154
115159
115165
115171
115177
115183
115189
115195
115200
115206
115212
115218
115224
115230
115236
115241
115247
115253
115259
115265
115271
115278
115283
115289
115294
115300
115305
115310
115316
115321
115327
115332
115338
115343
115348
115354
115359
115365
115370
115376
115381
115386
115392
115397
115403
115408
115414
115419
115424
115430
115435
115441
115446
115452
115457
115462
115468
115473
115479
115484
115489
115495
115500
115506
115511
115517
115522
115527
115533
115538
115544
115549
115555
115560
115565
115571
115576
115582
115587
115598
115604
115609
115615
115620
115626
115632
115637
115643
115648
115654
115659
115665
115671
115676
115682
115687
115693
115699
115704
115710
115715
115721
115726
115732
115738
115743
115749
115754
115760
115766
115771
115777
115782
115788
115793
115799
115805
115810
115816
115821
115827
115833
115838
115844
115849
115858
115863
115869
115874
115880
115885
115891
115896
115902
115907
115913
115918
115924
115929
115935
115940
115946
115951
115957
115962
115968
115973
115979
115984
115990
115995
116001
116006
116012
116017
116023
116028
116034
116039
116045
116050
116056
116061
116067
116072
116078
116083
116089
116094
116100
116105
116111
116116
116122
116127
116133
116138
116144
116149
116155
116160
116166
116171
116177
116182
116188
116193
116199
116204
116210
116215
116221
116226
116232
116237
116243
116248
