0
12
22
33
43
54
64
75
85
96
106
117
127
138
148
159
169
180
190
201
211
222
232
243
253
264
274
285
295
306
316
327
337
348
358
369
379
390
400
411
421
432
442
453
463
474
484
495
505
516
526
537
547
558
568
579
589
600
610
621
631
642
652
663
673
684
694
705
715
726
736
747
757
768
778
789
799
810
820
831
841
852
862
873
883
894
904
915
925
936
946
957
967
978
988
999
1009
1020
1030
1041
1051
1062
1072
1083
1093
1104
1114
1125
1135
1146
1156
1167
1177
1188
1198
1209
1219
1230
1240
1251
1262
1273
1284
1295
1306
1317
1328
1339
1349
1360
1371
1382
1393
1404
1415
1426
1436
1447
1458
1469
1480
1491
1502
1513
1523
1534
1545
1556
1567
1578
1589
1600
1611
1621
1632
1643
1654
1665
1676
1687
1698
1708
1719
1730
1741
1752
1763
1774
1785
1795
1806
1817
1828
1839
1850
1861
1872
1883
1893
1904
1915
1926
1937
1948
1959
1970
1980
1991
2002
2013
2024
2035
2046
2057
2067
2078
2089
2100
2111
2122
2133
2144
2154
2165
2176
2187
2198
2209
2220
2231
2242
2252
2263
2274
2285
2296
2307
2318
2329
2339
2350
2361
2372
2383
2394
2405
2416
2426
2437
2448
2459
2470
2481
2492
2503
2514
2524
2535
2546
2557
2568
2579
2590
2601
2611
2622
2633
2644
2655
2666
2677
2688
2698
2709
2720
2731
2742
2753
2764
2775
2785
2796
2807
2818
2829
2840
2851
2862
2873
2883
2894
2905
2916
2927
2938
2949
2960
2970
2981
2992
3003
3024
3037
3049
3062
3075
3087
3100
3112
3125
3138
3150
3163
3175
3188
3201
3213
3226
3239
3251
3264
3276
3289
3302
3314
3327
3339
3352
3365
3377
3390
3403
3415
3428
3440
3453
3466
3478
3491
3503
3516
3529
3541
3554
3567
3579
3592
3604
3617
3630
3642
3655
3667
3680
3693
3705
3718
3731
3743
3756
3768
3781
3794
3806
3819
3831
3844
3857
3869
3882
3895
3907
3920
3932
3945
3958
3970
3983
3995
4008
4021
4033
4046
4059
4071
4084
4096
4109
4122
4134
4147
4159
4172
4185
4197
4210
4223
4235
4248
4260
4275
4288
4302
4315
4329
4342
4356
4369
4383
4396
4409
4423
4436
4450
4463
4477
4490
4504
4517
4530
4544
4557
4571
4584
4598
4611
4625
4638
4651
4665
4678
4692
4705
4719
4732
4746
4759
4772
4786
4799
4813
4826
4840
4853
4867
4880
4894
4907
4920
4934
4947
4961
4974
4988
5001
5015
5028
5041
5055
5068
5082
5095
5109
5122
5136
5149
5162
5176
5189
5203
5216
5230
5243
5257
5270
5283
5297
5310
5324
5337
5351
5364
5378
5391
5405
5418
5431
5445
5458
5472
5485
5499
5512
5526
5539
5552
5566
5579
5593
5606
5620
5633
5647
5660
5673
5687
5700
5731
5749
5768
5786
5804
5823
5841
5860
5878
5896
5915
5933
5952
5970
5988
6007
6025
6044
6062
6080
6099
6117
6136
6154
6172
6191
6209
6228
6246
6264
6283
6301
6320
6338
6356
6375
6393
6412
6430
6448
6467
6485
6504
6522
6540
6559
6577
6596
6614
6632
6651
6669
6688
6706
6724
6743
6761
6780
6798
6816
6835
6853
6872
6890
6908
6927
6945
6964
6982
7000
7019
7037
7056
7074
7092
7111
7129
7148
7166
7184
7203
7221
7240
7258
7276
7295
7313
7332
7350
7368
7387
7405
7424
7442
7460
7479
7497
7516
7534
7552
7571
7589
7608
7626
7644
7663
7681
7700
7718
7736
7755
7773
7792
7810
7828
7847
7865
7884
7902
7920
7939
7957
7976
7994
8012
8031
8049
8068
8086
8104
8123
8141
8160
8178
8196
8208
8221
8233
8246
8258
8270
8283
8295
8308
8320
8332
8345
8357
8370
8382
8395
8407
8419
8432
8444
8457
8469
8481
8494
8506
8519
8531
8543
8556
8568
8581
8593
8606
8618
8630
8643
8655
8668
8680
8692
8705
8717
8730
8742
8754
8767
8779
8792
8804
8817
8829
8841
8854
8866
8879
8891
8903
8916
8928
8941
8953
8965
8978
8990
9003
9015
9028
9040
9052
9065
9077
9090
9102
9114
9127
9139
9152
9164
9176
9189
9201
9214
9226
9239
9251
9263
9276
9288
9301
9313
9325
9338
9350
9363
9375
9387
9400
9412
9425
9437
9450
9462
9474
9487
9499
9512
9524
9536
9549
9561
9574
9586
9598
9611
9623
9636
9648
9661
9673
9685
9698
9710
9723
9735
9747
9760
9772
9785
9797
9809
9822
9834
9847
9859
9872
9884
9897
9910
9923
9935
9948
9961
9974
9986
9999
10012
10025
10037
10050
10063
10076
10088
10101
10114
10126
10139
10152
10165
10177
10190
10203
10216
10228
10241
10254
10267
10279
10292
10305
10318
10330
10343
10356
10368
10381
10394
10407
10419
10432
10445
10458
10470
10483
10496
10509
10521
10534
10547
10560
10572
10585
10598
10610
10623
10636
10649
10661
10674
10687
10700
10712
10725
10738
10751
10763
10776
10789
10802
10814
10827
10840
10852
10865
10878
10891
10903
10916
10929
10942
10954
10967
10980
10993
11005
11018
11031
11043
11056
11069
11082
11094
11107
11120
11133
11145
11158
11171
11184
11196
11209
11222
11235
11247
11260
11273
11285
11298
11311
11324
11336
11349
11362
11375
11387
11400
11413
11426
11438
11451
11464
11477
11489
11502
11515
11527
11540
11553
11566
11578
11597
11610
11623
11635
11648
11661
11674
11686
11699
11712
11725
11737
11750
11763
11776
11788
11801
11814
11827
11839
11852
11865
11878
11890
11903
11916
11929
11941
11954
11967
11980
11992
12005
12018
12030
12043
12056
12069
12081
12094
12107
12120
12132
12145
12158
12171
12183
12196
12209
12222
12234
12247
12260
12273
12285
12298
12311
12324
12336
12349
12362
12375
12387
12400
12413
12425
12438
12451
12464
12476
12489
12502
12515
12527
12540
12553
12566
12578
12591
12604
12617
12629
12642
12655
12668
12680
12693
12706
12719
12731
12744
12757
12770
12782
12795
12808
12820
12833
12846
12859
12871
12884
12897
12910
12922
12935
12948
12961
12973
12995
13005
13014
13024
13033
13043
13053
13062
13072
13081
13091
13101
13110
13120
13129
13139
13148
13158
13168
13177
13187
13196
13206
13216
13225
13235
13244
13254
13264
13273
13283
13292
13302
13311
13321
13331
13340
13350
13359
13369
13379
13388
13398
13407
13417
13426
13436
13446
13455
13465
13474
13484
13494
13503
13513
13522
13532
13542
13551
13561
13570
13580
13589
13599
13609
13618
13628
13637
13647
13657
13666
13676
13685
13695
13704
13714
13724
13733
13743
13752
13762
13772
13781
13791
13800
13810
13820
13829
13839
13848
13858
13867
13877
13887
13896
13906
13915
13925
13935
13944
13954
13963
13973
13982
13992
14002
14011
14021
14030
14040
14050
14059
14069
14078
14088
14098
14107
14117
14126
14136
14145
14155
14165
14174
14184
14193
14203
14213
14222
14232
14241
14251
14260
14270
14280
14289
14299
14308
14318
14328
14350
14365
14380
14395
14410
14424
14439
14454
14469
14484
14498
14513
14528
14543
14558
14572
14587
14602
14617
14632
14646
14661
14676
14691
14706
14720
14735
14750
14765
14780
14795
14809
14824
14839
14854
14869
14883
14898
14913
14928
14943
14957
14972
14987
15002
15017
15031
15046
15061
15076
15091
15105
15120
15135
15150
15165
15180
15194
15209
15224
15239
15254
15268
15283
15298
15313
15328
15342
15357
15372
15387
15402
15416
15431
15446
15461
15476
15490
15505
15520
15535
15550
15564
15579
15594
15609
15624
15639
15653
15668
15683
15698
15713
15727
15742
15757
15772
15787
15801
15816
15831
15846
15861
15875
15890
15905
15920
15935
15949
15964
15979
15994
16009
16024
16038
16053
16068
16083
16098
16112
16127
16142
16157
16172
16198
16219
16240
16261
16283
16304
16325
16346
16368
16389
16410
16431
16452
16474
16495
16516
16537
16559
16580
16601
16622
16644
16665
16686
16707
16728
16750
16771
16792
16813
16835
16856
16877
16898
16919
16941
16962
16983
17004
17026
17047
17068
17089
17111
17132
17153
17174
17195
17217
17238
17259
17280
17302
17323
17344
17365
17387
17408
17429
17450
17471
17493
17514
17535
17556
17578
17599
17620
17641
17662
17684
17705
17726
17747
17769
17790
17811
17832
17854
17875
17896
17917
17938
17960
17981
18002
18023
18045
18066
18087
18108
18130
18151
18172
18193
18214
18236
18257
18278
18299
18321
18342
18363
18384
18405
18427
18448
18469
18490
18512
18533
18554
18575
18597
18618
18639
18660
18681
18703
18724
18745
18766
18788
18809
18830
18851
18873
18894
18915
18936
18957
19002
19028
19054
19080
19106
19132
19158
19184
19209
19235
19261
19287
19313
19339
19365
19391
19416
19442
19468
19494
19520
19546
19572
19598
19624
19649
19675
19701
19727
19753
19779
19805
19831
19856
19882
19908
19934
19960
19986
20012
20038
20064
20089
20115
20141
20167
20193
20219
20245
20271
20296
20322
20348
20374
20400
20426
20452
20478
20504
20529
20555
20581
20607
20633
20659
20685
20711
20736
20762
20788
20814
20840
20866
20892
20918
20944
20969
20995
21021
21047
21073
21099
21125
21151
21176
21202
21228
21254
21280
21306
21332
21358
21384
21409
21435
21461
21487
21513
21539
21565
21591
21616
21642
21668
21694
21720
21746
21775
21794
21813
21832
21851
21870
21889
21908
21927
21946
21965
21984
22003
22022
22040
22059
22078
22097
22116
22135
22154
22173
22192
22211
22230
22249
22268
22287
22305
22324
22343
22362
22381
22400
22419
22438
22457
22476
22495
22514
22533
22552
22570
22589
22608
22627
22646
22665
22684
22703
22722
22741
22760
22779
22798
22817
22835
22854
22873
22892
22911
22930
22949
22968
22987
23006
23025
23044
23063
23082
23101
23119
23138
23157
23176
23195
23214
23233
23252
23271
23290
23309
23328
23347
23366
23384
23403
23422
23441
23460
23479
23498
23517
23536
23555
23574
23593
23612
23631
23649
23668
23687
23706
23725
23744
23763
23782
23801
23820
23839
23858
23877
23896
23914
23933
23952
23971
23990
24009
24028
24047
24066
24085
24104
24123
24142
24161
24180
24198
24220
24232
24245
24257
24269
24282
24294
24306
24319
24331
24343
24356
24368
24380
24393
24405
24417
24430
24442
24454
24467
24479
24491
24504
24516
24529
24541
24553
24566
24578
24590
24603
24615
24627
24640
24652
24664
24677
24689
24701
24714
24726
24738
24751
24763
24775
24788
24800
24812
24825
24837
24850
24862
24874
24887
24899
24911
24924
24936
24948
24961
24973
24985
24998
25010
25022
25035
25047
25059
25072
25084
25096
25109
25121
25133
25146
25158
25171
25183
25195
25208
25220
25232
25245
25257
25269
25282
25294
25306
25319
25331
25343
25356
25368
25380
25393
25405
25417
25430
25442
25455
25467
25479
25492
25504
25516
25529
25541
25553
25566
25578
25590
25603
25615
25627
25640
25652
25671
25683
25695
25707
25719
25731
25743
25755
25767
25779
25791
25803
25815
25827
25839
25851
25863
25875
25888
25900
25912
25924
25936
25948
25960
25972
25984
25996
26008
26020
26032
26044
26056
26068
26080
26092
26104
26117
26129
26141
26153
26165
26177
26189
26201
26213
26225
26237
26249
26261
26273
26285
26297
26309
26321
26334
26346
26358
26370
26382
26394
26406
26418
26430
26442
26454
26466
26478
26490
26502
26514
26526
26538
26550
26563
26575
26587
26599
26611
26623
26635
26647
26659
26671
26683
26695
26707
26719
26731
26743
26755
26767
26780
26792
26804
26816
26828
26840
26852
26864
26876
26888
26900
26912
26924
26936
26948
26960
26972
26984
26996
27009
27021
27033
27045
27057
27069
27081
27093
27105
27117
27129
27141
27153
27165
27177
27189
27210
27221
27233
27244
27256
27267
27278
27290
27301
27313
27324
27335
27347
27358
27370
27381
27392
27404
27415
27427
27438
27449
27461
27472
27484
27495
27506
27518
27529
27541
27552
27564
27575
27586
27598
27609
27621
27632
27643
27655
27666
27678
27689
27700
27712
27723
27735
27746
27757
27769
27780
27792
27803
27814
27826
27837
27849
27860
27872
27883
27894
27906
27917
27929
27940
27951
27963
27974
27986
27997
28008
28020
28031
28043
28054
28065
28077
28088
28100
28111
28122
28134
28145
28157
28168
28179
28191
28202
28214
28225
28237
28248
28259
28271
28282
28304
28320
28336
28352
28368
28384
28400
28416
28432
28448
28464
28480
28496
28512
28528
28544
28560
28576
28592
28608
28624
28640
28656
28672
28688
28704
28720
28736
28752
28768
28784
28800
28816
28832
28848
28864
28880
28896
28912
28928
28944
28960
28976
28992
29008
29024
29040
29056
29072
29088
29104
29120
29136
29152
29168
29184
29200
29216
29232
29248
29264
29280
29296
29312
29328
29344
29360
29376
29392
29408
29424
29440
29456
29472
29488
29504
29520
29536
29552
29568
29584
29600
29616
29632
29648
29664
29680
29696
29712
29728
29744
29760
29776
29792
29808
29824
29840
29856
29872
29888
29904
29920
29936
29952
29968
29984
30000
30016
30032
30047
30063
30079
30095
30111
30127
30143
30159
30175
30191
30207
30223
30239
30255
30271
30287
30303
30319
30335
30351
30367
30383
30399
30415
30431
30447
30463
30479
30495
30517
30534
30551
30568
30585
30602
30619
30636
30653
30670
30687
30704
30721
30738
30755
30772
30789
30806
30823
30840
30857
30874
30892
30909
30926
30943
30960
30977
30994
31011
31028
31045
31062
31079
31096
31113
31130
31147
31164
31181
31198
31215
31232
31249
31267
31284
31301
31318
31335
31352
31369
31386
31403
31420
31437
31454
31471
31488
31505
31522
31539
31556
31573
31590
31607
31624
31641
31659
31676
31693
31710
31727
31744
31761
31778
31795
31812
31829
31846
31863
31880
31897
31932
31953
31975
31996
32018
32039
32061
32082
32104
32125
32146
32168
32189
32211
32232
32254
32275
32297
32318
32339
32361
32382
32404
32425
32447
32468
32490
32511
32533
32554
32575
32597
32618
32640
32661
32683
32704
32726
32747
32768
32790
32811
32833
32854
32876
32897
32919
32940
32962
32983
33004
33026
33047
33069
33090
33112
33133
33155
33176
33197
33219
33240
33262
33283
33305
33326
33348
33369
33391
33412
33433
33455
33476
33498
33519
33541
33562
33584
33605
33626
33648
33669
33691
33712
33734
33755
33777
33798
33820
33841
33862
33884
33905
33927
33948
33970
33991
34013
34034
34055
34077
34098
34120
34164
34198
34232
34265
34299
34333
34367
34400
34434
34468
34502
34535
34569
34603
34637
34670
34704
34738
34772
34805
34839
34873
34906
34940
34974
35008
35041
35075
35109
35143
35176
35210
35244
35278
35311
35345
35379
35413
35446
35480
35514
35547
35581
35615
35649
35682
35716
35750
35784
35817
35851
35885
35919
35952
35986
36020
36054
36087
36121
36155
36188
36222
36256
36290
36323
36357
36391
36425
36458
36492
36526
36560
36593
36627
36661
36695
36728
36762
36796
36830
36863
36897
36931
36964
36998
37032
37066
37099
37133
37167
37201
37234
37268
37302
37336
37369
37403
37437
37471
37504
37538
37572
37605
37639
37673
37707
37740
37774
37808
37842
37875
37909
37943
37977
38010
38044
38078
38112
38145
38179
38213
38246
38280
38330
38349
38367
38386
38404
38423
38441
38460
38479
38497
38516
38534
38553
38571
38590
38609
38627
38646
38664
38683
38701
38720
38738
38757
38776
38794
38813
38831
38850
38868
38887
38906
38924
38943
38961
38980
38998
39017
39036
39054
39073
39091
39110
39128
39147
39165
39184
39203
39221
39240
39258
39277
39295
39314
39333
39351
39370
39388
39407
39425
39444
39462
39481
39500
39518
39537
39555
39574
39592
39611
39630
39648
39667
39685
39704
39722
39741
39760
39778
39797
39815
39834
39852
39871
39889
39908
39927
39945
39964
39982
40001
40019
40038
40057
40075
40094
40112
40131
40149
40168
40186
40205
40224
40242
40261
40279
40298
40316
40335
40354
40372
40391
40409
40428
40446
40465
40484
40502
40521
40539
40558
40576
40595
40613
40632
40651
40669
40688
40706
40725
40743
40762
40781
40799
40818
40836
40855
40873
40892
40914
40926
40937
40949
40960
40972
40984
40995
41007
41018
41030
41041
41053
41065
41076
41088
41099
41111
41122
41134
41146
41157
41169
41180
41192
41203
41215
41227
41238
41250
41261
41273
41284
41296
41308
41319
41331
41342
41354
41366
41377
41389
41400
41412
41423
41435
41447
41458
41470
41481
41493
41504
41516
41528
41539
41551
41562
41574
41585
41597
41609
41620
41632
41643
41655
41666
41678
41690
41701
41713
41724
41736
41747
41759
41771
41782
41794
41805
41817
41829
41840
41852
41863
41875
41886
41898
41910
41921
41933
41944
41956
41967
41979
41991
42002
42014
42025
42037
42048
42060
42072
42083
42095
42106
42118
42129
42141
42153
42164
42176
42187
42199
42211
42222
42234
42245
42257
42268
42280
42292
42303
42315
42326
42338
42349
42361
42378
42394
42410
42426
42442
42458
42473
42489
42505
42521
42537
42553
42569
42584
42600
42616
42632
42648
42664
42680
42695
42711
42727
42743
42759
42775
42791
42806
42822
42838
42854
42870
42886
42902
42917
42933
42949
42965
42981
42997
43013
43028
43044
43060
43076
43092
43108
43124
43139
43155
43171
43187
43203
43219
43235
43250
43266
43282
43298
43314
43330
43346
43361
43377
43393
43409
43425
43441
43457
43472
43488
43504
43520
43536
43552
43568
43583
43599
43615
43631
43647
43663
43679
43694
43710
43726
43742
43758
43774
43789
43805
43821
43837
43853
43869
43885
43900
43916
43932
43948
43964
43980
43996
44011
44027
44043
44059
44075
44091
44107
44122
44138
44154
44170
44186
44202
44218
44233
44249
44265
44281
44297
44313
44336
44349
44361
44374
44387
44399
44412
44424
44437
44450
44462
44475
44487
44500
44513
44525
44538
44550
44563
44576
44588
44601
44613
44626
44639
44651
44664
44676
44689
44702
44714
44727
44739
44752
44765
44777
44790
44802
44815
44828
44840
44853
44865
44878
44891
44903
44916
44928
44941
44954
44966
44979
44992
45004
45017
45029
45042
45055
45067
45080
45092
45105
45118
45130
45143
45155
45168
45181
45193
45206
45218
45231
45244
45256
45269
45281
45294
45307
45319
45332
45344
45364
45374
45385
45395
45406
45416
45427
45437
45448
45458
45468
45479
45489
45500
45510
45521
45531
45542
45552
45562
45573
45583
45594
45604
45615
45625
45636
45646
45656
45667
45677
45688
45698
45709
45719
45730
45740
45750
45761
45771
45782
45792
45803
45813
45824
45834
45844
45855
45865
45876
45886
45897
45907
45918
45928
45938
45949
45959
45970
45980
45991
46001
46012
46022
46032
46043
46053
46064
46074
46085
46095
46106
46116
46126
46137
46147
46158
46168
46179
46189
46200
46210
46220
46231
46241
46252
46262
46273
46283
46294
46304
46314
46325
46335
46346
46356
46367
46377
46388
46398
46408
46419
46429
46440
46450
46461
46471
46482
46492
46502
46513
46523
46534
46544
46555
46565
46576
46586
46596
46607
46617
46628
46638
46649
46659
46670
46680
46690
46701
46711
46722
46732
46743
46753
46764
46774
46784
46795
46805
46816
46826
46837
46847
46858
46875
46886
46897
46908
46919
46930
46941
46952
46963
46974
46985
46996
47007
47018
47029
47040
47051
47062
47073
47084
47095
47106
47117
47128
47139
47150
47161
47172
47183
47195
47206
47217
47228
47239
47250
47261
47272
47283
47294
47305
47316
47327
47338
47349
47360
47371
47382
47393
47404
47415
47426
47437
47448
47459
47470
47481
47492
47503
47515
47526
47537
47548
47559
47570
47581
47592
47603
47614
47625
47636
47647
47658
47669
47680
47691
47702
47713
47724
47735
47746
47757
47768
47779
47790
47801
47812
47823
47835
47846
47857
47868
47879
47890
47901
47912
47923
47934
47945
47956
47967
47978
47989
48000
48011
48022
48033
48044
48055
48066
48077
48088
48099
48110
48121
48132
48143
48155
48166
48177
48188
48199
48210
48221
48232
48243
48254
48265
48276
48287
48298
48309
48320
48331
48342
48353
48364
48375
48386
48397
48415
48425
48435
48445
48455
48465
48475
48485
48495
48506
48516
48526
48536
48546
48556
48566
48576
48586
48596
48607
48617
48627
48637
48647
48657
48667
48677
48687
48698
48708
48718
48728
48738
48748
48758
48768
48778
48788
48799
48809
48819
48829
48839
48849
48859
48869
48879
48889
48900
48910
48920
48930
48940
48950
48960
48970
48980
48991
49001
49011
49021
49031
49041
49051
49061
49071
49081
49092
49102
49112
49122
49132
49142
49152
49162
49172
49182
49193
49203
49213
49223
49233
49243
49253
49263
49273
49284
49294
49304
49314
49324
49334
49344
49354
49364
49374
49385
49395
49405
49415
49425
49435
49445
49455
49465
49475
49486
49496
49506
49516
49526
49536
49546
49556
49566
49577
49587
49606
49618
49630
49641
49653
49665
49677
49688
49700
49712
49723
49735
49747
49759
49770
49782
49794
49805
49817
49829
49841
49852
49864
49876
49888
49899
49911
49923
49934
49946
49958
49970
49981
49993
50005
50016
50028
50040
50052
50063
50075
50087
50098
50110
50122
50134
50145
50157
50169
50181
50192
50204
50216
50227
50239
50251
50263
50274
50286
50298
50309
50321
50333
50345
50356
50368
50380
50392
50403
50415
50427
50438
50450
50462
50474
50485
50497
50509
50520
50532
50544
50556
50567
50579
50591
50602
50614
50626
50638
50649
50661
50673
50685
50696
50708
50720
50731
50743
50755
50767
50778
50790
50802
50813
50825
50837
50849
50860
50872
50886
50898
50910
50922
50934
50946
50958
50970
50982
50994
51006
51017
51029
51041
51053
51065
51077
51089
51101
51113
51125
51137
51149
51160
51172
51184
51196
51208
51220
51232
51244
51256
51268
51280
51292
51303
51315
51327
51339
51351
51363
51375
51387
51399
51411
51423
51435
51446
51458
51470
51482
51494
51506
51518
51530
51542
51554
51566
51578
51589
51601
51613
51625
51637
51649
51661
51673
51685
51697
51709
51721
51732
51744
51756
51768
51780
51792
51804
51816
51828
51840
51852
51864
51875
51887
51899
51911
51923
51935
51947
51959
51971
51983
51995
52007
52018
52030
52042
52054
52066
52078
52090
52102
52114
52126
52138
52150
52161
52173
52185
52197
52209
52221
52233
52245
52257
52269
52281
52293
52304
52316
52328
52340
52352
52364
52376
52388
52400
52412
52424
52436
52447
52458
52469
52479
52490
52501
52512
52523
52533
52544
52555
52566
52577
52587
52598
52609
52620
52631
52641
52652
52663
52674
52685
52695
52706
52717
52728
52739
52749
52760
52771
52782
52793
52803
52814
52825
52836
52847
52857
52868
52879
52890
52901
52911
52922
52933
52944
52955
52965
52976
52987
52998
53009
53019
53030
53041
53052
53063
53073
53084
53095
53106
53117
53127
53138
53149
53160
53171
53181
53192
53203
53214
53225
53235
53246
53257
53268
53279
53289
53300
53311
53322
53333
53343
53354
53365
53376
53387
53397
53408
53419
53430
53441
53451
53462
53473
53484
53495
53505
53516
53527
53538
53549
53559
53570
53581
53592
53603
53613
53624
53635
53646
53657
53667
53678
53689
53700
53711
53721
53732
53743
53754
53764
53777
53789
53801
53813
53825
53837
53849
53861
53873
53885
53897
53909
53921
53933
53945
53957
53969
53981
53993
54004
54016
54028
54040
54052
54064
54076
54088
54100
54112
54124
54136
54148
54160
54172
54184
54196
54208
54220
54231
54243
54255
54267
54279
54291
54303
54315
54327
54339
54351
54363
54375
54387
54399
54411
54423
54435
54447
54459
54470
54482
54494
54506
54518
54530
54542
54554
54566
54578
54590
54602
54614
54626
54638
54650
54662
54674
54686
54697
54709
54721
54733
54745
54757
54769
54781
54793
54805
54817
54829
54841
54853
54865
54877
54889
54901
54913
54925
54936
54948
54960
54972
54984
54996
55008
55020
55032
55044
55056
55068
55080
55092
55104
55116
55128
55140
55152
55163
55175
55187
55199
55211
55223
55235
55247
55259
55271
55283
55295
55307
55319
55331
55343
55355
55367
55379
55390
55402
55414
55426
55438
55450
55462
55474
55486
55498
55510
55522
55534
55546
55568
55580
55593
55605
55618
55630
55643
55655
55668
55680
55693
55705
55718
55730
55743
55755
55768
55780
55793
55805
55818
55830
55843
55855
55868
55880
55893
55905
55918
55930
55943
55955
55968
55980
55993
56005
56018
56030
56043
56055
56068
56080
56093
56105
56118
56130
56143
56155
56168
56180
56193
56205
56218
56230
56243
56255
56268
56280
56293
56305
56318
56330
56342
56355
56367
56380
56392
56405
56417
56430
56442
56455
56467
56480
56492
56505
56517
56530
56542
56555
56567
56580
56592
56605
56617
56630
56642
56655
56667
56680
56692
56705
56717
56730
56742
56755
56767
56780
56792
56805
56817
56830
56842
56855
56867
56880
56892
56905
56917
56930
56942
56955
56967
56980
56992
57005
57017
57030
57042
57055
57067
57086
57096
57107
57117
57128
57138
57148
57159
57169
57180
57190
57200
57211
57221
57232
57242
57252
57263
57273
57284
57294
57304
57315
57325
57336
57346
57356
57367
57377
57388
57398
57408
57419
57429
57440
57450
57460
57471
57481
57492
57502
57512
57523
57533
57544
57554
57564
57575
57585
57596
57606
57616
57627
57637
57648
57658
57668
57679
57689
57700
57710
57720
57731
57741
57752
57762
57772
57783
57793
57804
57814
57825
57835
57845
57856
57866
57877
57887
57897
57908
57918
57929
57939
57949
57960
57970
57981
57991
58001
58012
58022
58033
58043
58053
58064
58074
58085
58095
58105
58116
58126
58137
58147
58157
58168
58178
58189
58199
58209
58220
58230
58241
58251
58261
58272
58282
58293
58303
58313
58324
58334
58345
58355
58365
58376
58387
58397
58408
58418
58429
58439
58450
58460
58471
58481
58492
58503
58513
58524
58534
58545
58555
58566
58576
58587
58597
58608
58618
58629
58640
58650
58661
58671
58682
58692
58703
58713
58724
58734
58745
58755
58766
58777
58787
58798
58808
58819
58829
58840
58850
58861
58871
58882
58892
58903
58914
58924
58935
58945
58956
58966
58977
58987
58998
59008
59019
59030
59040
59051
59061
59072
59082
59093
59103
59114
59124
59135
59145
59156
59167
59177
59188
59198
59209
59219
59230
59240
59251
59261
59272
59282
59293
59304
59314
59325
59335
59346
59356
59367
59377
59388
59398
59409
59419
59430
59441
59451
59462
59472
59483
59493
59504
59514
59525
59535
59546
59556
59567
59578
59588
59599
59609
59620
59630
59641
59651
59662
59672
59683
59694
59704
59715
59728
59739
59751
59762
59774
59785
59797
59808
59819
59831
59842
59854
59865
59877
59888
59899
59911
59922
59934
59945
59957
59968
59979
59991
60002
60014
60025
60037
60048
60059
60071
60082
60094
60105
60117
60128
60139
60151
60162
60174
60185
60197
60208
60219
60231
60242
60254
60265
60277
60288
60299
60311
60322
60334
60345
60357
60368
60379
60391
60402
60414
60425
60437
60448
60459
60471
60482
60494
60505
60517
60528
60539
60551
60562
60574
60585
60597
60608
60619
60631
60642
60654
60665
60677
60688
60699
60711
60722
60734
60745
60757
60768
60779
60791
60802
60814
60825
60837
60848
60859
60871
60882
60894
60905
60917
60928
60939
60951
60962
60974
60985
60997
61008
61020
61031
61042
61054
61065
61077
61088
61100
61111
61122
61134
61145
61160
61173
61185
61198
61210
61223
61235
61248
61260
61273
61286
61298
61311
61323
61336
61348
61361
61373
61386
61399
61411
61424
61436
61449
61461
61474
61486
61499
61512
61524
61537
61549
61562
61574
61587
61599
61612
61625
61637
61650
61662
61675
61687
61700
61712
61725
61738
61750
61763
61775
61788
61800
61813
61825
61838
61850
61863
61876
61888
61901
61913
61926
61938
61951
61963
61976
61989
62001
62014
62026
62039
62051
62064
62076
62089
62102
62114
62127
62139
62152
62164
62177
62189
62202
62215
62227
62240
62252
62265
62277
62290
62302
62315
62328
62340
62353
62365
62378
62390
62403
62415
62428
62440
62453
62466
62478
62491
62503
62516
62528
62541
62553
62566
62579
62591
62604
62616
62629
62641
62654
62666
62679
62692
62704
62717
62729
62742
62754
62767
62779
62798
62809
62820
62830
62841
62852
62862
62873
62884
62895
62905
62916
62927
62937
62948
62959
62970
62980
62991
63002
63012
63023
63034
63044
63055
63066
63077
63087
63098
63109
63119
63130
63141
63152
63162
63173
63184
63194
63205
63216
63226
63237
63248
63259
63269
63280
63291
63301
63312
63323
63334
63344
63355
63366
63376
63387
63398
63409
63419
63430
63441
63451
63462
63473
63483
63494
63505
63516
63526
63537
63548
63558
63569
63580
63591
63601
63612
63623
63633
63644
63655
63665
63676
63687
63698
63708
63719
63730
63740
63751
63762
63773
63783
63794
63805
63815
63826
63837
63848
63858
63869
63880
63890
63901
63912
63922
63933
63944
63955
63965
63976
63990
64001
64012
64023
64034
64046
64057
64068
64079
64090
64101
64113
64124
64135
64146
64157
64168
64180
64191
64202
64213
64224
64235
64247
64258
64269
64280
64291
64303
64314
64325
64336
64347
64358
64370
64381
64392
64403
64414
64425
64437
64448
64459
64470
64481
64492
64504
64515
64526
64537
64548
64560
64571
64582
64593
64604
64615
64627
64638
64649
64660
64671
64682
64694
64705
64716
64727
64738
64749
64761
64772
64783
64794
64805
64817
64828
64839
64850
64861
64872
64884
64895
64906
64917
64928
64939
64951
64962
64973
64984
64995
65006
65018
65029
65040
65051
65062
65074
65085
65096
65107
65118
65129
65141
65152
65163
65174
65185
65196
65208
65219
65230
65241
65252
65263
65275
65286
65297
65308
65319
65331
65342
65353
65364
65375
65386
65398
65409
65420
65431
65442
65453
65465
65476
65487
65498
65509
65520
65532
65543
65554
65565
65576
65588
65599
65610
65636
65653
65671
65688
65706
65723
65741
65758
65775
65793
65810
65828
65845
65863
65880
65897
65915
65932
65950
65967
65985
66002
66019
66037
66054
66072
66089
66107
66124
66141
66159
66176
66194
66211
66229
66246
66264
66281
66298
66316
66333
66351
66368
66386
66403
66420
66438
66455
66473
66490
66508
66525
66542
66560
66577
66595
66612
66630
66647
66664
66682
66699
66717
66734
66752
66769
66787
66804
66821
66839
66856
66874
66891
66909
66926
66943
66961
66978
66996
67013
67031
67048
67065
67083
67100
67118
67135
67153
67170
67187
67205
67222
67240
67257
67275
67292
67310
67327
67344
67362
67379
67397
67414
67432
67449
67466
67484
67501
67519
67536
67554
67571
67588
67606
67623
67641
67658
67676
67693
67710
67728
67745
67773
67787
67800
67814
67828
67841
67855
67869
67882
67896
67909
67923
67937
67950
67964
67978
67991
68005
68019
68032
68046
68059
68073
68087
68100
68114
68128
68141
68155
68169
68182
68196
68209
68223
68237
68250
68264
68278
68291
68305
68318
68332
68346
68359
68373
68387
68400
68414
68428
68441
68455
68468
68482
68496
68509
68523
68537
68550
68564
68578
68591
68605
68618
68632
68646
68659
68673
68687
68700
68714
68727
68741
68755
68768
68782
68796
68809
68823
68837
68850
68864
68877
68891
68905
68918
68932
68946
68959
68973
68987
69000
69014
69027
69041
69055
69068
69082
69096
69109
69123
69136
69150
69164
69177
69191
69205
69218
69232
69246
69259
69273
69286
69300
69314
69327
69341
69355
69368
69382
69396
69409
69423
69436
69450
69464
69477
69492
69504
69516
69528
69540
69552
69564
69576
69587
69599
69611
69623
69635
69647
69659
69671
69683
69694
69706
69718
69730
69742
69754
69766
69778
69789
69801
69813
69825
69837
69849
69861
69873
69885
69896
69908
69920
69932
69944
69956
69968
69980
69991
70003
70015
70027
70039
70051
70063
70075
70087
70098
70110
70122
70134
70146
70158
70170
70182
70193
70205
70217
70229
70241
70253
70265
70277
70289
70300
70312
70324
70336
70348
70360
70372
70384
70395
70407
70419
70431
70443
70455
70467
70479
70491
70502
70514
70526
70538
70550
70562
70574
70586
70598
70609
70621
70633
70645
70657
70669
70681
70693
70704
70716
70728
70740
70752
70764
70776
70788
70800
70811
70823
70835
70847
70859
70871
70883
70895
70906
70918
70930
70942
70963
70974
70985
70997
71008
71019
71030
71042
71053
71064
71075
71087
71098
71109
71120
71132
71143
71154
71165
71177
71188
71199
71211
71222
71233
71244
71256
71267
71278
71289
71301
71312
71323
71334
71346
71357
71368
71379
71391
71402
71413
71425
71436
71447
71458
71470
71481
71492
71503
71515
71526
71537
71548
71560
71571
71582
71593
71605
71616
71627
71639
71650
71661
71672
71684
71695
71706
71717
71729
71740
71751
71762
71774
71785
71796
71807
71819
71830
71841
71853
71864
71875
71886
71898
71909
71920
71931
71943
71954
71965
71976
71988
71999
72010
72021
72033
72044
72055
72067
72078
72089
72100
72112
72123
72134
72145
72157
72168
72179
72190
72202
72213
72224
72235
72247
72258
72269
72281
72292
72303
72314
72326
72337
72348
72361
72370
72380
72389
72398
72408
72417
72426
72436
72445
72455
72464
72473
72483
72492
72501
72511
72520
72529
72539
72548
72558
72567
72576
72586
72595
72604
72614
72623
72632
72642
72651
72661
72670
72679
72689
72698
72707
72717
72726
72735
72745
72754
72764
72773
72782
72792
72801
72810
72820
72829
72839
72848
72857
72867
72876
72885
72895
72904
72913
72923
72932
72942
72951
72960
72970
72979
72988
72998
73007
73016
73026
73035
73045
73054
73063
73073
73082
73091
73101
73110
73119
73129
73138
73148
73157
73166
73176
73185
73194
73204
73213
73222
73232
73241
73251
73260
73269
73279
73288
73297
73307
73316
73326
73335
73344
73354
73363
73372
73382
73391
73400
73410
73419
73429
73438
73447
73457
73466
73475
73485
73494
73503
73513
73522
73532
73541
73550
73560
73569
73578
73588
73597
73606
73616
73625
73643
73654
73665
73677
73688
73699
73711
73722
73733
73744
73756
73767
73778
73790
73801
73812
73823
73835
73846
73857
73869
73880
73891
73902
73914
73925
73936
73948
73959
73970
73981
73993
74004
74015
74027
74038
74049
74060
74072
74083
74094
74106
74117
74128
74139
74151
74162
74173
74185
74196
74207
74219
74230
74241
74252
74264
74275
74286
74298
74309
74320
74331
74343
74354
74365
74377
74388
74399
74410
74422
74433
74444
74456
74467
74478
74489
74501
74512
74523
74535
74546
74557
74568
74580
74591
74602
74614
74625
74636
74647
74659
74670
74681
74693
74704
74715
74727
74738
74749
74760
74772
74783
74794
74806
74817
74828
74839
74851
74862
74873
74885
74896
74907
74918
74930
74941
74952
74964
74975
74986
74997
75009
75020
75035
75047
75060
75072
75085
75097
75110
75122
75135
75147
75159
75172
75184
75197
75209
75222
75234
75247
75259
75271
75284
75296
75309
75321
75334
75346
75359
75371
75383
75396
75408
75421
75433
75446
75458
75471
75483
75495
75508
75520
75533
75545
75558
75570
75583
75595
75607
75620
75632
75645
75657
75670
75682
75695
75707
75719
75732
75744
75757
75769
75782
75794
75807
75819
75832
75844
75856
75869
75881
75894
75906
75919
75931
75944
75956
75968
75981
75993
76006
76018
76031
76043
76056
76068
76080
76093
76105
76118
76130
76143
76155
76168
76180
76192
76205
76217
76230
76242
76255
76267
76280
76292
76304
76317
76329
76342
76354
76367
76379
76392
76404
76416
76429
76441
76454
76466
76486
76498
76510
76522
76534
76547
76559
76571
76583
76595
76608
76620
76632
76644
76656
76669
76681
76693
76705
76717
76729
76742
76754
76766
76778
76790
76803
76815
76827
76839
76851
76864
76876
76888
76900
76912
76925
76937
76949
76961
76973
76985
76998
77010
77022
77034
77046
77059
77071
77083
77095
77107
77120
77132
77144
77156
77168
77180
77193
77205
77217
77229
77241
77254
77266
77278
77290
77302
77315
77327
77339
77351
77363
77376
77388
77400
77412
77424
77436
77449
77461
77473
77485
77497
77510
77522
77534
77546
77558
77571
77583
77595
77607
77619
77631
77644
77656
77668
77680
77692
77705
77717
77729
77741
77753
77766
77778
77790
77802
77814
77827
77839
77851
77863
77875
77887
77900
77912
77924
77936
77948
77961
77973
77985
77997
78009
78022
78034
78046
78067
78081
78094
78108
78121
78135
78148
78162
78176
78189
78203
78216
78230
78243
78257
78271
78284
78298
78311
78325
78338
78352
78366
78379
78393
78406
78420
78433
78447
78461
78474
78488
78501
78515
78528
78542
78556
78569
78583
78596
78610
78623
78637
78651
78664
78678
78691
78705
78718
78732
78746
78759
78773
78786
78800
78813
78827
78841
78854
78868
78881
78895
78908
78922
78936
78949
78963
78976
78990
79003
79017
79031
79044
79058
79071
79085
79098
79112
79126
79139
79153
79166
79180
79193
79207
79220
79234
79248
79261
79275
79288
79302
79315
79329
79343
79356
79370
79383
79397
79410
79424
79438
79451
79465
79478
79492
79505
79519
79533
79546
79560
79573
79587
79600
79614
79628
79641
79655
79668
79682
79695
79709
79723
79736
79750
79763
79777
79790
79804
79818
79831
79846
79859
79872
79885
79898
79911
79923
79936
79949
79962
79975
79988
80000
80013
80026
80039
80052
80065
80077
80090
80103
80116
80129
80142
80154
80167
80180
80193
80206
80219
80231
80244
80257
80270
80283
80296
80308
80321
80334
80347
80360
80373
80386
80398
80411
80424
80437
80450
80463
80475
80488
80501
80514
80527
80540
80552
80565
80578
80591
80604
80617
80629
80642
80655
80668
80681
80694
80706
80719
80732
80745
80758
80771
80783
80796
80809
80822
80835
80848
80861
80873
80886
80899
80912
80925
80938
80950
80963
80976
80989
81002
81015
81027
81040
81053
81066
81079
81092
81104
81117
81130
81143
81156
81169
81181
81194
81207
81220
81233
81246
81258
81271
81284
81297
81310
81323
81336
81348
81360
81372
81384
81396
81408
81420
81432
81444
81456
81468
81480
81492
81504
81516
81528
81540
81552
81564
81576
81588
81600
81612
81624
81636
81648
81660
81672
81684
81696
81708
81720
81732
81744
81755
81767
81779
81791
81803
81815
81827
81839
81851
81863
81875
81887
81899
81911
81923
81935
81947
81959
81971
81983
81995
82007
82019
82031
82043
82055
82067
82079
82091
82103
82115
82127
82139
82151
82163
82175
82186
82198
82210
82222
82234
82246
82258
82270
82282
82294
82306
82318
82330
82342
82354
82366
82378
82390
82402
82414
82426
82438
82450
82462
82474
82486
82498
82510
82522
82534
82546
82558
82570
82582
82594
82606
82617
82629
82641
82653
82665
82677
82689
82701
82713
82725
82737
82749
82761
82773
82785
82810
82825
82839
82854
82868
82883
82897
82912
82927
82941
82956
82970
82985
82999
83014
83028
83043
83058
83072
83087
83101
83116
83130
83145
83159
83174
83189
83203
83218
83232
83247
83261
83276
83290
83305
83320
83334
83349
83363
83378
83392
83407
83421
83436
83451
83465
83480
83494
83509
83523
83538
83552
83567
83582
83596
83611
83625
83640
83654
83669
83683
83698
83713
83727
83742
83756
83771
83785
83800
83814
83829
83844
83858
83873
83887
83902
83916
83931
83945
83960
83975
83989
84004
84018
84033
84047
84062
84077
84091
84106
84120
84135
84149
84164
84178
84193
84208
84222
84237
84251
84266
84280
84295
84309
84324
84339
84353
84368
84382
84397
84411
84426
84440
84455
84470
84484
84499
84513
84528
84542
84557
84579
84593
84607
84621
84635
84648
84662
84676
84690
84704
84717
84731
84745
84759
84773
84786
84800
84814
84828
84842
84855
84869
84883
84897
84911
84924
84938
84952
84966
84980
84993
85007
85021
85035
85049
85062
85076
85090
85104
85118
85131
85145
85159
85173
85187
85200
85214
85228
85242
85256
85269
85283
85297
85311
85325
85338
85352
85366
85380
85394
85407
85421
85435
85449
85463
85476
85490
85504
85518
85532
85545
85559
85573
85587
85601
85614
85628
85642
85656
85670
85683
85697
85711
85725
85739
85752
85766
85780
85794
85808
85821
85835
85849
85863
85877
85890
85904
85918
85932
85946
85959
85973
85987
86001
86015
86028
86042
86056
86070
86084
86097
86111
86125
86139
86153
86169
86181
86193
86205
86217
86229
86241
86253
86265
86277
86289
86301
86313
86325
86337
86350
86362
86374
86386
86398
86410
86422
86434
86446
86458
86470
86482
86494
86506
86518
86531
86543
86555
86567
86579
86591
86603
86615
86627
86639
86651
86663
86675
86687
86699
86711
86724
86736
86748
86760
86772
86784
86796
86808
86820
86832
86844
86856
86868
86880
86892
86905
86917
86929
86941
86953
86965
86977
86989
87001
87013
87025
87037
87049
87061
87073
87086
87098
87110
87122
87134
87146
87158
87170
87182
87194
87206
87218
87230
87242
87254
87266
87279
87291
87303
87315
87327
87339
87351
87363
87375
87387
87399
87411
87423
87435
87447
87460
87472
87484
87496
87508
87520
87532
87544
87556
87568
87580
87592
87604
87616
87628
87641
87653
87665
87677
87689
87701
87713
87725
87737
87749
87761
87773
87785
87797
87809
87821
87834
87846
87858
87870
87889
87902
87914
87927
87940
87952
87965
87977
87990
88003
88015
88028
88040
88053
88066
88078
88091
88103
88116
88129
88141
88154
88166
88179
88192
88204
88217
88229
88242
88255
88267
88280
88292
88305
88318
88330
88343
88355
88368
88381
88393
88406
88418
88431
88444
88456
88469
88481
88494
88507
88519
88532
88544
88557
88570
88582
88595
88608
88620
88633
88645
88658
88671
88683
88696
88708
88721
88734
88746
88759
88771
88784
88797
88809
88822
88834
88847
88860
88872
88885
88897
88910
88923
88935
88948
88960
88973
88986
88998
89011
89023
89036
89049
89061
89074
89086
89099
89112
89124
89137
89149
89162
89175
89187
89200
89212
89225
89238
89250
89263
89275
89288
89301
89313
89326
89339
89351
89364
89376
89389
89402
89414
89427
89439
89452
89469
89481
89492
89504
89515
89527
89538
89550
89562
89573
89585
89596
89608
89619
89631
89643
89654
89666
89677
89689
89700
89712
89723
89735
89747
89758
89770
89781
89793
89804
89816
89828
89839
89851
89862
89874
89885
89897
89909
89920
89932
89943
89955
89966
89978
89989
90001
90013
90024
90036
90047
90059
90070
90082
90094
90105
90117
90128
90140
90151
90163
90175
90186
90198
90209
90221
90232
90244
90255
90267
90279
90290
90302
90313
90325
90336
90348
90360
90371
90383
90394
90406
90417
90429
90440
90452
90464
90475
90487
90498
90510
90521
90533
90545
90556
90568
90579
90591
90611
90624
90637
90651
90664
90677
90690
90704
90717
90730
90743
90757
90770
90783
90796
90810
90823
90836
90849
90863
90876
90889
90902
90916
90929
90942
90956
90969
90982
90995
91009
91022
91035
91048
91062
91075
91088
91101
91115
91128
91141
91154
91168
91181
91194
91207
91220
91232
91244
91256
91268
91280
91292
91304
91316
91328
91340
91352
91364
91376
91388
91400
91412
91424
91436
91448
91460
91472
91484
91496
91508
91520
91532
91544
91556
91568
91580
91592
91604
91616
91628
91640
91652
91664
91676
91688
91700
91712
91724
91736
91748
91760
91772
91784
91796
91808
91820
91832
91844
91856
91868
91880
91892
91904
91916
91928
91940
91952
91964
91976
91988
92000
92012
92024
92036
92048
92060
92072
92084
92096
92108
92120
92132
92144
92156
92168
92180
92192
92204
92216
92228
92240
92252
92264
92276
92288
92300
92311
92323
92335
92347
92359
92371
92383
92395
92407
92419
92431
92443
92455
92467
92479
92491
92503
92515
92527
92539
92551
92563
92575
92587
92599
92611
92623
92635
92647
92659
92671
92683
92695
92707
92719
92731
92743
92755
92767
92779
92791
92803
92815
92827
92839
92851
92863
92875
92887
92899
92911
92923
92935
92947
92959
92971
92983
92995
93007
93019
93031
93043
93055
93067
93079
93091
93103
93115
93127
93139
93151
93163
93175
93191
93202
93213
93224
93235
93246
93257
93268
93279
93290
93301
93312
93323
93334
93345
93356
93367
93378
93389
93400
93411
93422
93433
93444
93455
93466
93477
93488
93499
93510
93521
93532
93543
93554
93565
93576
93587
93598
93609
93620
93631
93642
93653
93664
93675
93686
93697
93708
93719
93730
93741
93752
93763
93774
93785
93796
93807
93818
93829
93840
93851
93862
93873
93884
93895
93906
93917
93928
93939
93950
93961
93972
93983
93994
94005
94016
94027
94038
94049
94060
94071
94082
94093
94104
94115
94126
94137
94148
94159
94170
94181
94192
94203
94214
94225
94236
94247
94258
94269
94280
94291
94302
94313
94324
94335
94346
94357
94368
94379
94390
94401
94412
94423
94434
94445
94456
94467
94478
94489
94500
94511
94522
94533
94551
94562
94574
94585
94596
94608
94619
94630
94642
94653
94665
94676
94687
94699
94710
94721
94733
94744
94756
94767
94778
94790
94801
94812
94824
94835
94847
94858
94869
94881
94892
94903
94915
94926
94938
94949
94960
94972
94983
94994
95006
95017
95028
95040
95051
95063
95074
95085
95097
95108
95119
95131
95142
95154
95165
95176
95188
95199
95210
95222
95233
95245
95256
95267
95279
95290
95301
95313
95324
95336
95347
95358
95370
95381
95392
95404
95415
95426
95438
95449
95461
95472
95483
95495
95506
95517
95529
95540
95552
95563
95574
95586
95597
95608
95620
95631
95643
95654
95665
95677
95688
95699
95711
95722
95734
95745
95756
95768
95779
95790
95802
95813
95825
95836
95847
95859
95870
95881
95893
95904
95915
95927
95938
95950
95961
95972
95984
95995
96006
96018
96029
96045
96059
96073
96088
96102
96116
96130
96145
96159
96173
96187
96202
96216
96230
96244
96259
96273
96287
96302
96316
96330
96344
96359
96373
96387
96401
96416
96430
96444
96458
96473
96487
96501
96516
96530
96544
96558
96573
96587
96601
96615
96630
96644
96658
96672
96687
96701
96715
96735
96749
96763
96777
96791
96805
96819
96833
96847
96861
96875
96889
96903
96917
96931
96945
96959
96973
96987
97001
97015
97029
97043
97057
97071
97085
97099
97113
97127
97141
97155
97169
97183
97197
97210
97234
97246
97259
97271
97284
97296
97308
97321
97333
97346
97358
97370
97383
97395
97408
97420
97432
97445
97457
97470
97482
97495
97507
97519
97532
97544
97557
97569
97581
97594
97606
97619
97631
97643
97656
97668
97681
97693
97706
97718
97730
97743
97755
97768
97780
97792
97805
97817
97830
97842
97854
97867
97879
97892
97904
97917
97929
97941
97954
97966
97979
97991
