0
16
30
45
59
74
88
103
117
131
146
160
175
189
204
218
233
247
261
276
290
305
319
334
348
362
377
391
406
420
435
449
464
478
492
507
521
536
550
565
579
594
608
622
637
651
666
680
695
709
723
738
752
767
781
796
810
825
839
853
868
882
897
911
926
940
954
969
983
998
1012
1027
1041
1056
1070
1084
1099
1113
1128
1142
1157
1171
1186
1200
1214
1229
1243
1258
1272
1287
1301
1315
1330
1344
1359
1373
1388
1402
1417
1431
1445
1460
1474
1489
1503
1518
1532
1546
1561
1575
1590
1604
1619
1633
1648
1662
1676
1691
1705
1720
1734
1749
1763
1778
1792
1806
1821
1835
1850
1864
1879
1893
1907
1922
1936
1951
1965
1980
1994
2009
2023
2037
2052
2066
2089
2107
2125
2143
2161
2179
2197
2215
2233
2251
2269
2287
2305
2323
2341
2359
2377
2395
2413
2431
2449
2467
2485
2503
2521
2539
2557
2575
2593
2611
2629
2647
2665
2683
2701
2719
2737
2755
2773
2791
2809
2827
2845
2863
2881
2899
2917
2935
2953
2971
2989
3007
3025
3043
3061
3079
3097
3115
3133
3151
3169
3187
3205
3223
3241
3259
3277
3295
3313
3331
3349
3366
3384
3402
3420
3438
3456
3474
3492
3510
3528
3546
3564
3582
3600
3618
3636
3654
3672
3690
3708
3726
3744
3762
3780
3798
3816
3834
3852
3870
3888
3906
3924
3942
3960
3978
3996
4014
4032
4050
4068
4086
4104
4122
4140
4173
4194
4215
4236
4258
4279
4300
4321
4343
4364
4385
4406
4427
4449
4470
4491
4512
4534
4555
4576
4597
4618
4640
4661
4682
4703
4725
4746
4767
4788
4810
4831
4852
4873
4894
4916
4937
4958
4979
5001
5022
5043
5064
5085
5107
5128
5149
5170
5192
5213
5234
5255
5276
5298
5319
5340
5361
5383
5404
5425
5446
5468
5489
5510
5531
5552
5574
5595
5616
5637
5659
5680
5701
5722
5743
5765
5786
5807
5828
5850
5871
5892
5913
5934
5956
5977
5998
6019
6041
6062
6083
6104
6126
6147
6168
6189
6210
6232
6253
6274
6295
6317
6338
6359
6380
6401
6423
6444
6465
6486
6508
6529
6550
6571
6593
6614
6635
6656
6677
6699
6720
6741
6762
6784
6805
6826
6847
6868
6890
6911
6932
6953
6975
6996
7017
7038
7059
7081
7102
7123
7144
7166
7187
7208
7229
7251
7272
7293
7314
7335
7357
7378
7399
7420
7442
7463
7484
7505
7543
7564
7585
7605
7626
7647
7667
7688
7709
7730
7750
7771
7792
7812
7833
7854
7875
7895
7916
7937
7957
7978
7999
8020
8040
8061
8082
8102
8123
8144
8165
8185
8206
8227
8247
8268
8289
8309
8330
8351
8372
8392
8413
8434
8454
8475
8496
8517
8537
8558
8579
8599
8620
8641
8662
8682
8703
8724
8744
8765
8786
8807
8827
8848
8869
8889
8910
8931
8951
8972
8993
9014
9034
9055
9076
9096
9117
9138
9159
9179
9200
9221
9241
9262
9283
9304
9324
9345
9366
9386
9407
9428
9449
9469
9490
9511
9551
9578
9605
9633
9660
9687
9715
9742
9769
9796
9824
9851
9878
9906
9933
9960
9987
10015
10042
10069
10097
10124
10151
10179
10206
10233
10260
10288
10315
10342
10370
10397
10424
10451
10479
10506
10533
10561
10588
10615
10643
10670
10697
10724
10752
10779
10806
10834
10861
10888
10915
10943
10970
10997
11025
11052
11079
11107
11134
11161
11188
11216
11243
11270
11298
11325
11352
11379
11407
11434
11461
11489
11516
11543
11571
11598
11625
11652
11680
11707
11734
11762
11789
11816
11843
11871
11898
11925
11953
11980
12007
12034
12062
12089
12116
12144
12171
12198
12226
12253
12280
12307
12335
12362
12383
12403
12423
12443
12463
12483
12503
12523
12543
12563
12583
12603
12623
12643
12663
12683
12703
12723
12743
12763
12783
12803
12823
12843
12863
12883
12903
12922
12942
12962
12982
13002
13022
13042
13062
13082
13102
13122
13142
13162
13182
13202
13222
13242
13262
13282
13302
13322
13342
13362
13382
13402
13422
13442
13462
13481
13501
13521
13541
13561
13581
13601
13621
13641
13661
13681
13701
13721
13741
13761
13781
13801
13821
13841
13861
13881
13901
13921
13941
13961
13981
14001
14021
14040
14060
14080
14100
14120
14140
14160
14180
14200
14220
14240
14260
14280
14300
14320
14340
14360
14380
14400
14420
14440
14460
14480
14500
14520
14540
14560
14580
14599
14619
14639
14659
14679
14699
14719
14739
14759
14779
14799
14819
14839
14859
14879
14899
14919
14939
14959
14979
14999
15019
15035
15045
15055
15065
15075
15085
15095
15105
15115
15125
15135
15145
15155
15165
15175
15185
15195
15205
15216
15226
15236
15246
15256
15266
15276
15286
15296
15306
15316
15326
15336
15346
15356
15366
15376
15386
15396
15407
15417
15427
15437
15447
15457
15467
15477
15487
15497
15507
15517
15527
15537
15547
15557
15567
15577
15588
15598
15608
15618
15628
15638
15648
15658
15668
15678
15688
15698
15708
15718
15728
15738
15748
15758
15768
15779
15789
15799
15809
15819
15829
15839
15849
15859
15869
15879
15889
15899
15909
15919
15929
15939
15949
15959
15970
15980
15990
16000
16010
16020
16030
16040
16050
16060
16070
16080
16090
16100
16110
16120
16130
16140
16151
16161
16171
16181
16191
16201
16211
16221
16231
16241
16251
16261
16271
16281
16291
16301
16311
16321
16331
16342
16352
16362
16372
16382
16392
16402
16412
16423
16431
16440
16448
16457
16465
16474
16482
16490
16499
16507
16516
16524
16533
16541
16550
16558
16566
16575
16583
16592
16600
16609
16617
16625
16634
16642
16651
16659
16668
16676
16685
16693
16701
16710
16718
16727
16735
16744
16752
16760
16769
16777
16786
16794
16803
16811
16820
16828
16836
16845
16853
16862
16870
16879
16887
16895
16904
16912
16921
16929
16938
16946
16955
16963
16971
16980
16988
16997
17005
17014
17022
17030
17039
17047
17056
17064
17073
17081
17090
17098
17106
17115
17123
17132
17140
17149
17157
17165
17174
17182
17191
17199
17208
17216
17225
17233
17241
17250
17258
17267
17275
17284
17292
17300
17309
17317
17326
17334
17343
17351
17360
17368
17376
17385
17393
17402
17410
17419
17427
17435
17444
17452
17461
17469
17478
17486
17495
17503
17511
17520
17528
17537
17545
17554
17562
17570
17585
17595
17605
17614
17624
17634
17643
17653
17663
17673
17682
17692
17702
17711
17721
17731
17741
17750
17760
17770
17779
17789
17799
17809
17818
17828
17838
17847
17857
17867
17877
17886
17896
17906
17915
17925
17935
17944
17954
17964
17974
17983
17993
18003
18012
18022
18032
18042
18051
18061
18071
18080
18090
18100
18110
18119
18129
18139
18148
18158
18168
18178
18187
18197
18207
18216
18226
18236
18246
18255
18265
18275
18284
18294
18304
18313
18323
18333
18343
18352
18362
18372
18381
18391
18401
18411
18420
18430
18440
18449
18459
18469
18479
18488
18498
18508
18517
18527
18537
18547
18556
18566
18576
18585
18595
18605
18615
18624
18634
18644
18653
18663
18676
18686
18696
18707
18717
18727
18738
18748
18758
18769
18779
18789
18800
18810
18820
18831
18841
18851
18862
18872
18882
18893
18903
18913
18924
18934
18944
18955
18965
18975
18986
18996
19006
19017
19027
19037
19048
19058
19068
19079
19089
19099
19110
19120
19130
19141
19151
19161
19172
19182
19192
19203
19213
19223
19234
19244
19254
19265
19275
19285
19296
19306
19316
19327
19337
19347
19358
19368
19378
19389
19399
19409
19420
19430
19440
19451
19461
19471
19482
19492
19502
19513
19523
19533
19544
19554
19564
19575
19585
19595
19606
19616
19626
19637
19647
19657
19668
19678
19688
19699
19709
19719
19730
19740
19750
19761
19771
19781
19791
19802
19812
19822
19833
19843
19853
19864
19874
19884
19895
19905
19915
19926
19936
19946
19957
19967
19977
19988
19998
20008
20019
20029
20039
20050
20060
20070
20081
20091
20101
20116
20125
20134
20143
20152
20161
20170
20179
20188
20197
20206
20215
20224
20233
20242
20251
20260
20269
20278
20287
20296
20305
20314
20324
20333
20342
20351
20360
20369
20378
20387
20396
20405
20414
20423
20432
20441
20450
20459
20468
20477
20486
20495
20504
20513
20522
20531
20541
20550
20559
20568
20577
20586
20595
20604
20613
20622
20631
20640
20649
20658
20667
20676
20685
20694
20703
20712
20721
20730
20739
20748
20758
20767
20776
20785
20794
20803
20812
20821
20830
20839
20848
20857
20866
20875
20884
20893
20902
20911
20920
20929
20938
20947
20956
20965
20975
20984
20993
21002
21011
21020
21029
21038
21047
21056
21065
21074
21083
21092
21101
21110
21119
21128
21137
21146
21155
21164
21173
21182
21192
21201
21210
21219
21228
21237
21246
21255
21264
21273
21288
21298
21308
21318
21328
21338
21348
21359
21369
21379
21389
21399
21409
21419
21429
21440
21450
21460
21470
21480
21490
21500
21510
21521
21531
21541
21551
21561
21571
21581
21591
21602
21612
21622
21632
21642
21652
21662
21672
21683
21693
21703
21713
21723
21733
21743
21753
21764
21774
21784
21794
21804
21814
21824
21834
21845
21855
21865
21875
21885
21895
21905
21916
21926
21936
21946
21956
21966
21976
21986
21997
22007
22017
22027
22037
22047
22057
22067
22078
22088
22098
22108
22118
22128
22138
22148
22159
22169
22179
22189
22199
22209
22219
22229
22240
22250
22260
22270
22280
22290
22300
22310
22321
22331
22341
22351
22361
22371
22381
22391
22402
22412
22422
22432
22442
22452
22462
22473
22483
22493
22503
22513
22523
22533
22543
22554
22564
22574
22584
22594
22604
22614
22624
22635
22645
22655
22666
22675
22683
22692
22701
22709
22718
22727
22735
22744
22752
22761
22770
22778
22787
22796
22804
22813
22821
22830
22839
22847
22856
22865
22873
22882
22891
22899
22908
22916
22925
22934
22942
22951
22960
22968
22977
22985
22994
23003
23011
23020
23029
23037
23046
23055
23063
23072
23080
23089
23098
23106
23115
23124
23132
23141
23149
23158
23167
23175
23184
23193
23201
23210
23218
23227
23236
23244
23253
23262
23270
23279
23288
23296
23305
23313
23322
23331
23339
23348
23357
23365
23374
23382
23391
23400
23408
23417
23426
23434
23443
23452
23460
23469
23477
23486
23495
23503
23512
23521
23529
23538
23546
23555
23564
23572
23581
23590
23598
23607
23615
23624
23633
23649
23659
23669
23679
23689
23699
23710
23720
23730
23740
23750
23760
23771
23781
23791
23801
23811
23821
23832
23842
23852
23862
23872
23882
23893
23903
23913
23923
23933
23943
23954
23964
23974
23984
23994
24004
24015
24025
24035
24045
24055
24065
24076
24086
24096
24106
24116
24126
24137
24147
24157
24167
24177
24187
24198
24208
24218
24228
24238
24248
24258
24269
24279
24289
24299
24309
24319
24330
24340
24350
24360
24370
24380
24391
24401
24411
24421
24431
24441
24452
24462
24472
24482
24492
24502
24513
24523
24533
24543
24553
24563
24574
24584
24594
24604
24614
24624
24635
24645
24655
24665
24675
24685
24696
24706
24716
24726
24736
24746
24757
24767
24777
24787
24797
24807
24817
24828
24838
24848
24858
24868
24878
24889
24899
24909
24919
24929
24939
24950
24960
24970
24980
24990
25013
25026
25039
25052
25065
25078
25091
25104
25117
25130
25143
25156
25169
25182
25195
25208
25221
25234
25247
25260
25273
25286
25299
25312
25325
25338
25351
25364
25377
25390
25403
25416
25429
25442
25455
25468
25481
25494
25507
25520
25533
25546
25559
25572
25585
25598
25611
25624
25638
25651
25664
25677
25690
25703
25716
25729
25742
25755
25768
25781
25794
25807
25820
25833
25846
25859
25872
25885
25898
25911
25924
25937
25950
25963
25976
25989
26002
26015
26028
26041
26054
26067
26080
26093
26106
26119
26132
26145
26158
26171
26184
26197
26210
26223
26236
26249
26262
26276
26289
26302
26315
26328
26341
26354
26367
26380
26393
26406
26419
26432
26445
26458
26471
26484
26497
26510
26527
26534
26541
26548
26556
26563
26570
26577
26584
26592
26599
26606
26613
26620
26628
26635
26642
26649
26657
26664
26671
26678
26685
26693
26700
26707
26714
26721
26729
26736
26743
26750
26758
26765
26772
26779
26786
26794
26801
26808
26815
26822
26830
26837
26844
26851
26859
26866
26873
26880
26887
26895
26902
26909
26916
26923
26931
26938
26945
26952
26960
26967
26974
26981
26988
26996
27003
27010
27017
27024
27032
27039
27046
27053
27061
27068
27075
27082
27089
27097
27104
27111
27118
27125
27133
27140
27147
27154
27162
27169
27176
27183
27190
27198
27205
27212
27219
27226
27234
27241
27248
27255
27263
27270
27277
27284
27291
27299
27306
27313
27320
27327
27335
27342
27349
27356
27364
27371
27378
27385
27392
27400
27407
27414
27421
27428
27436
27443
27450
27457
27465
27472
27479
27492
27504
27515
27527
27539
27550
27562
27573
27585
27597
27608
27620
27631
27643
27655
27666
27678
27690
27701
27713
27724
27736
27748
27759
27771
27782
27794
27806
27817
27829
27840
27852
27864
27875
27887
27899
27910
27922
27933
27945
27957
27968
27980
27991
28003
28015
28026
28038
28049
28061
28073
28084
28096
28108
28119
28131
28142
28154
28166
28177
28189
28200
28212
28224
28235
28247
28258
28270
28282
28293
28305
28317
28328
28340
28351
28363
28375
28386
28398
28409
28421
28433
28444
28456
28468
28479
28491
28502
28514
28526
28537
28549
28560
28572
28596
28611
28626
28641
28656
28671
28686
28701
28716
28731
28746
28761
28776
28791
28806
28821
28836
28851
28866
28881
28896
28911
28926
28941
28956
28972
28987
29002
29017
29032
29047
29062
29077
29092
29107
29122
29137
29152
29167
29182
29197
29212
29227
29242
29257
29272
29287
29302
29317
29332
29348
29363
29378
29393
29408
29423
29438
29453
29468
29483
29498
29513
29528
29543
29558
29573
29588
29603
29618
29633
29648
29663
29678
29693
29708
29724
29739
29754
29769
29784
29799
29814
29829
29844
29859
29874
29889
29904
29919
29934
29949
29964
29979
29994
30009
30024
30039
30054
30069
30084
30099
30115
30130
30145
30160
30175
30190
30205
30220
30235
30250
30265
30280
30295
30310
30325
30340
30355
30370
30385
30400
30415
30430
30445
30460
30475
30491
30506
30521
30536
30551
30566
30581
30596
30611
30626
30641
30656
30695
30719
30743
30768
30792
30816
30840
30865
30889
30913
30937
30962
30986
31010
31034
31059
31083
31107
31131
31156
31180
31204
31228
31253
31277
31301
31325
31350
31374
31398
31422
31447
31471
31495
31519
31544
31568
31592
31616
31641
31665
31689
31713
31738
31762
31786
31810
31835
31859
31883
31907
31932
31956
31980
32004
32029
32053
32077
32101
32126
32150
32174
32198
32223
32247
32271
32295
32320
32344
32368
32392
32417
32441
32465
32489
32514
32538
32562
32586
32611
32635
32664
32676
32688
32700
32712
32725
32737
32749
32761
32773
32786
32798
32810
32822
32834
32847
32859
32871
32883
32895
32908
32920
32932
32944
32956
32969
32981
32993
33005
33017
33030
33042
33054
33066
33078
33091
33103
33115
33127
33139
33152
33164
33176
33188
33200
33213
33225
33237
33249
33261
33274
33286
33298
33310
33322
33335
33347
33359
33371
33383
33396
33408
33420
33432
33444
33457
33469
33481
33493
33505
33518
33530
33542
33554
33566
33579
33591
33603
33615
33627
33640
33652
33664
33676
33688
33701
33713
33725
33737
33749
33762
33774
33786
33798
33810
33823
33835
33847
33859
33871
33884
33896
33908
33920
33932
33945
33957
33973
33983
33993
34003
34013
34023
34033
34043
34054
34064
34074
34084
34094
34104
34114
34124
34134
34145
34155
34165
34175
34185
34195
34205
34215
34225
34236
34246
34256
34266
34276
34286
34296
34306
34316
34327
34337
34347
34357
34367
34377
34387
34397
34408
34418
34428
34438
34448
34458
34468
34478
34488
34499
34509
34519
34529
34539
34549
34559
34569
34579
34590
34600
34610
34620
34630
34640
34650
34660
34670
34681
34691
34701
34711
34721
34731
34741
34751
34761
34772
34782
34792
34802
34812
34822
34832
34842
34853
34863
34873
34883
34893
34903
34913
34923
34933
34944
34954
34964
34974
34984
34994
35004
35014
35024
35035
35045
35055
35065
35075
35085
35095
35105
35115
35126
35136
35146
35156
35166
35176
35186
35196
35207
35217
35227
35237
35247
35257
35267
35277
35294
35305
35317
35328
35340
35351
35363
35374
35386
35397
35409
35420
35432
35443
35455
35466
35478
35489
35501
35512
35524
35535
35547
35558
35570
35581
35593
35604
35616
35627
35639
35650
35662
35673
35685
35696
35708
35719
35731
35742
35754
35765
35777
35788
35800
35811
35823
35834
35846
35857
35869
35880
35892
35903
35915
35926
35938
35949
35961
35972
35984
35995
36007
36018
36030
36041
36053
36064
36076
36087
36099
36110
36122
36133
36145
36156
36168
36179
36191
36202
36214
36225
36237
36248
36260
36271
36283
36294
36305
36317
36328
36340
36351
36363
36374
36386
36397
36409
36420
36432
36443
36455
36466
36478
36489
36501
36512
36524
36535
36547
36558
36570
36581
36593
36604
36616
36627
36639
36650
36662
36673
36685
36696
36708
36719
36731
36742
36754
36765
36777
36788
36800
36811
36823
36834
36846
36857
36869
36880
36892
36903
36925
36937
36949
36961
36973
36985
36997
37009
37021
37033
37045
37057
37069
37081
37093
37105
37117
37130
37142
37154
37166
37178
37190
37202
37214
37226
37238
37250
37262
37274
37286
37298
37310
37322
37334
37347
37359
37371
37383
37395
37407
37419
37431
37443
37455
37467
37479
37491
37503
37515
37527
37539
37551
37564
37576
37588
37600
37612
37624
37636
37648
37660
37672
37684
37696
37708
37720
37732
37744
37756
37769
37781
37793
37805
37817
37829
37841
37853
37865
37877
37889
37901
37913
37925
37937
37949
37961
37973
37986
37998
38010
38022
38034
38046
38058
38070
38082
38094
38106
38118
38130
38142
38154
38166
38178
38190
38203
38215
38227
38239
38251
38263
38275
38287
38299
38311
38323
38335
38347
38359
38371
38383
38395
38408
38420
38432
38461
38478
38495
38512
38530
38547
38564
38581
38599
38616
38633
38650
38668
38685
38702
38719
38737
38754
38771
38788
38806
38823
38840
38857
38875
38892
38909
38926
38944
38961
38978
38995
39013
39030
39047
39064
39082
39099
39116
39133
39151
39168
39185
39202
39220
39237
39254
39271
39289
39306
39323
39340
39358
39375
39392
39409
39427
39444
39461
39478
39496
39513
39530
39547
39565
39582
39599
39616
39634
39651
39668
39685
39703
39720
39737
39754
39772
39789
39806
39823
39840
39858
39875
39892
39909
39927
39944
39961
39978
39996
40013
40030
40047
40065
40082
40099
40116
40134
40151
40168
40185
40203
40220
40237
40254
40272
40289
40306
40323
40341
40358
40375
40392
40410
40427
40444
40461
40479
40496
40513
40530
40548
40565
40593
40612
40631
40650
40669
40688
40708
40727
40746
40765
40784
40803
40822
40842
40861
40880
40899
40918
40937
40957
40976
40995
41014
41033
41052
41071
41091
41110
41129
41148
41167
41186
41206
41225
41244
41263
41282
41301
41320
41340
41359
41378
41397
41416
41435
41455
41474
41493
41512
41531
41550
41569
41589
41608
41627
41646
41665
41684
41704
41723
41742
41761
41780
41799
41818
41838
41857
41876
41895
41914
41933
41952
41972
41991
42010
42029
42048
42067
42089
42104
42119
42134
42150
42165
42180
42195
42211
42226
42241
42256
42271
42287
42302
42317
42332
42348
42363
42378
42393
42409
42424
42439
42454
42469
42485
42500
42515
42530
42546
42561
42576
42591
42606
42622
42637
42652
42667
42683
42698
42713
42728
42744
42759
42774
42789
42804
42820
42835
42850
42865
42881
42896
42911
42926
42941
42957
42972
42987
43002
43018
43033
43048
43063
43079
43094
43109
43124
43139
43155
43170
43185
43200
43216
43231
43246
43261
43277
43292
43307
43322
43337
43353
43368
43383
43398
43414
43429
43444
43459
43474
43490
43505
43520
43535
43551
43566
43581
43596
43612
43627
43642
43657
43672
43688
43703
43718
43733
43749
43764
43779
43794
43809
43825
43840
43855
43870
43886
43901
43916
43931
43947
43962
43977
43992
44007
44023
44038
44053
44068
44084
44099
44114
44129
44145
44160
44175
44190
44205
44221
44256
44277
44298
44319
44340
44361
44382
44403
44424
44445
44466
44487
44508
44529
44550
44571
44592
44613
44635
44656
44677
44698
44719
44740
44761
44782
44803
44824
44845
44866
44887
44908
44929
44950
44971
44992
45014
45035
45056
45077
45098
45119
45140
45161
45182
45203
45224
45245
45266
45287
45308
45329
45350
45371
45393
45414
45435
45456
45477
45498
45519
45540
45561
45582
45603
45624
45645
45666
45687
45708
45729
45750
45772
45793
45814
45835
45856
45877
45898
45919
45940
45961
45982
46003
46024
46045
46066
46087
46108
46129
46151
46172
46193
46214
46235
46256
46277
46298
46319
46340
46361
46382
46403
46424
46445
46466
46487
46508
46530
46551
46572
46593
46614
46635
46656
46677
46698
46719
46740
46761
46782
46803
46824
46845
46866
46887
46908
46930
46951
46972
46993
47014
47035
47056
47077
47121
47147
47173
47200
47226
47252
47279
47305
47331
47358
47384
47410
47437
47463
47489
47516
47542
47568
47595
47621
47647
47674
47700
47726
47753
47779
47805
47832
47858
47884
47911
47937
47963
47990
48016
48042
48069
48095
48121
48148
48174
48200
48227
48253
48279
48306
48332
48358
48385
48411
48437
48464
48490
48516
48543
48569
48595
48621
48648
48674
48700
48727
48753
48779
48806
48832
48858
48885
48911
48937
48964
48990
49016
49043
49069
49095
49122
49148
49174
49201
49227
49253
49280
49306
49332
49359
49385
49411
49438
49464
49490
49517
49543
49569
49596
49622
49648
49675
49701
49727
49754
49780
49806
49833
49859
49885
49912
49938
49964
49991
50017
50047
50058
50070
50081
50092
50104
50115
50126
50138
50149
50160
50172
50183
50194
50206
50217
50228
50240
50251
50262
50274
50285
50296
50308
50319
50330
50342
50353
50364
50376
50387
50399
50410
50421
50433
50444
50455
50467
50478
50489
50501
50512
50523
50535
50546
50557
50569
50580
50591
50603
50614
50625
50637
50648
50659
50671
50682
50693
50705
50716
50728
50739
50750
50762
50773
50784
50796
50807
50818
50830
50841
50852
50864
50875
50886
50898
50909
50920
50932
50943
50954
50966
50977
50988
51000
51011
51022
51034
51045
51057
51068
51079
51091
51102
51113
51125
51136
51147
51159
51170
51181
51193
51204
51215
51227
51238
51249
51261
51272
51288
51300
51312
51324
51335
51347
51359
51371
51382
51394
51406
51418
51429
51441
51453
51465
51477
51488
51500
51512
51524
51535
51547
51559
51571
51582
51594
51606
51618
51630
51641
51653
51665
51677
51688
51700
51712
51724
51735
51747
51759
51771
51783
51794
51806
51818
51830
51841
51853
51865
51877
51888
51900
51912
51924
51936
51947
51959
51971
51983
51994
52006
52018
52030
52041
52053
52065
52077
52089
52100
52112
52124
52136
52147
52159
52171
52183
52194
52206
52218
52230
52242
52253
52265
52277
52289
52300
52312
52324
52336
52347
52359
52371
52383
52395
52406
52418
52430
52442
52453
52465
52477
52489
52500
52512
52524
52536
52547
52559
52571
52583
52595
52606
52618
52630
52642
52653
52665
52677
52689
52700
52712
52724
52736
52748
52759
52771
52783
52795
52806
52821
52835
52849
52863
52877
52891
52905
52919
52933
52947
52961
52975
52989
53003
53017
53031
53045
53059
53073
53087
53101
53115
53129
53143
53157
53171
53185
53199
53213
53227
53241
53255
53269
53283
53297
53311
53325
53339
53353
53367
53381
53395
53409
53423
53437
53451
53465
53479
53493
53507
53521
53535
53549
53563
53577
53591
53605
53619
53633
53647
53661
53675
53689
53703
53717
53731
53745
53759
53773
53787
53801
53815
53829
53843
53857
53871
53885
53899
53913
53927
53941
53955
53969
53983
53997
54011
54025
54039
54053
54067
54081
54095
54109
54123
54137
54151
54165
54179
54193
54207
54221
54235
54249
54263
54277
54291
54305
54319
54333
54347
54361
54375
54389
54403
54417
54431
54445
54459
54473
54487
54501
54515
54531
54544
54558
54571
54585
54598
54611
54625
54638
54652
54665
54678
54692
54705
54719
54732
54745
54759
54772
54786
54799
54813
54826
54839
54853
54866
54880
54893
54906
54920
54933
54947
54960
54973
54987
55000
55014
55027
55040
55054
55067
55081
55094
55108
55121
55134
55148
55161
55175
55188
55201
55215
55228
55242
55255
55268
55282
55295
55309
55322
55336
55349
55362
55376
55389
55403
55416
55429
55443
55456
55470
55483
55496
55510
55523
55537
55550
55563
55577
55590
55604
55617
55631
55644
55657
55671
55684
55698
55711
55724
55738
55751
55765
55778
55791
55805
55818
55832
55845
55859
55872
55885
55899
55912
55926
55939
55952
55966
55979
55993
56006
56019
56033
56046
56060
56073
56086
56100
56113
56127
56140
56154
56167
56180
56194
56207
56221
56234
56247
56261
56274
56288
56301
56314
56328
56341
56355
56368
56382
56395
56408
56422
56435
56449
56462
56475
56489
56502
56522
56536
56550
56564
56577
56591
56605
56619
56632
56646
56660
56674
56687
56701
56715
56729
56742
56756
56770
56784
56797
56811
56825
56839
56852
56866
56880
56894
56908
56921
56935
56949
56963
56976
56990
57004
57018
57031
57045
57059
57073
57086
57100
57114
57128
57141
57155
57169
57183
57196
57210
57224
57238
57251
57265
57279
57293
57307
57320
57334
57348
57362
57375
57389
57403
57417
57430
57444
57458
57472
57485
57499
57513
57527
57540
57554
57568
57582
57595
57609
57623
57637
57650
57664
57678
57692
57706
57719
57733
57747
57761
57774
57788
57802
57816
57829
57843
57857
57871
57884
57898
57912
57926
57939
57953
57967
57981
57994
58008
58022
58036
58049
58063
58077
58091
58105
58118
58132
58146
58160
58182
58196
58209
58223
58236
58250
58264
58277
58291
58304
58318
58331
58345
58359
58372
58386
58399
58413
58427
58440
58454
58467
58481
58494
58508
58522
58535
58549
58562
58576
58590
58603
58617
58630
58644
58657
58671
58685
58698
58712
58725
58739
58752
58766
58780
58793
58807
58820
58834
58848
58861
58875
58888
58902
58915
58929
58943
58956
58970
58983
58997
59011
59024
59038
59051
59065
59078
59092
59106
59119
59133
59146
59160
59173
59187
59201
59214
59228
59241
59255
59269
59282
59296
59309
59323
59336
59350
59364
59377
59391
59404
59418
59432
59445
59459
59472
59486
59499
59513
59527
59540
59554
59567
59581
59594
59608
59622
59635
59649
59662
59676
59690
59703
59717
59730
59744
59757
59771
59785
59798
59820
59830
59841
59851
59862
59872
59883
59893
59903
59914
59924
59935
59945
59956
59966
59976
59987
59997
60008
60018
60029
60039
60049
60060
60070
60081
60091
60102
60112
60122
60133
60143
60154
60164
60175
60185
60195
60206
60216
60227
60237
60248
60258
60268
60279
60289
60300
60310
60321
60331
60341
60352
60362
60373
60383
60394
60404
60414
60425
60435
60446
60456
60467
60477
60487
60498
60508
60519
60529
60540
60550
60561
60571
60581
60592
60602
60613
60623
60634
60644
60654
60665
60675
60686
60696
60707
60717
60727
60738
60748
60759
60769
60780
60790
60800
60811
60821
60832
60842
60853
60863
60873
60884
60894
60905
60915
60926
60936
60946
60957
60967
60978
60988
60999
61009
61019
61030
61040
61051
61061
61072
61082
61092
61103
61113
61124
61134
61145
61158
61167
61176
61185
61194
61202
61211
61220
61229
61238
61247
61255
61264
61273
61282
61291
61300
61308
61317
61326
61335
61344
61353
61361
61370
61379
61388
61397
61406
61414
61423
61432
61441
61450
61459
61467
61476
61485
61494
61503
61512
61520
61529
61538
61547
61556
61565
61573
61582
61591
61600
61609
61618
61626
61635
61644
61653
61662
61671
61679
61688
61697
61706
61715
61724
61732
61741
61750
61759
61768
61777
61785
61794
61803
61812
61821
61829
61838
61847
61856
61865
61874
61882
61891
61900
61909
61918
61927
61935
61944
61953
61962
61971
61980
61988
61997
62006
62015
62024
62033
62041
62050
62059
62068
62077
62086
62094
62103
62112
62121
62130
62139
62147
62156
62165
62174
62183
62192
62200
62209
62218
62227
62236
62245
62253
62262
62271
62280
62291
62301
62311
62321
62331
62341
62351
62361
62372
62382
62392
62402
62412
62422
62432
62442
62452
62463
62473
62483
62493
62503
62513
62523
62533
62543
62554
62564
62574
62584
62594
62604
62614
62624
62634
62645
62655
62665
62675
62685
62695
62705
62715
62726
62736
62746
62756
62766
62776
62786
62796
62806
62817
62827
62837
62847
62857
62867
62877
62887
62897
62908
62918
62928
62938
62948
62958
62968
62978
62988
62999
63009
63019
63029
63039
63049
63059
63069
63080
63090
63100
63110
63120
63130
63140
63150
63160
63171
63181
63191
63201
63211
63221
63231
63241
63251
63262
63272
63282
63292
63302
63312
63322
63332
63342
63353
63363
63373
63383
63393
63403
63413
63423
63434
63444
63454
63464
63474
63484
63494
63504
63514
63525
63535
63545
63555
63565
63575
63585
63595
63605
63616
63630
63640
63650
63660
63670
63680
63690
63700
63710
63720
63730
63740
63749
63759
63769
63779
63789
63799
63809
63819
63829
63839
63849
63859
63869
63878
63888
63898
63908
63918
63928
63938
63948
63958
63968
63978
63988
63997
64007
64017
64027
64037
64047
64057
64067
64077
64087
64097
64107
64117
64126
64136
64146
64156
64166
64176
64186
64196
64206
64216
64226
64236
64245
64255
64265
64275
64285
64295
64305
64315
64325
64335
64345
64355
64365
64374
64384
64394
64404
64414
64424
64434
64444
64454
64464
64474
64484
64493
64503
64513
64523
64533
64543
64553
64563
64573
64583
64593
64603
64613
64622
64632
64642
64652
64662
64672
64682
64692
64702
64712
64722
64732
64741
64751
64761
64771
64780
64790
64800
64809
64819
64829
64838
64848
64858
64867
64877
64887
64896
64906
64916
64925
64935
64945
64954
64964
64974
64983
64993
65003
65012
65022
65032
65041
65051
65061
65070
65080
65090
65100
65109
65119
65129
65138
65148
65158
65167
65177
65187
65196
65206
65216
65225
65235
65245
65254
65264
65274
65283
65293
65303
65312
65322
65332
65341
65351
65361
65370
65380
65390
65399
65409
65419
65429
65438
65448
65458
65467
65477
65487
65496
65506
65516
65525
65535
65545
65554
65564
65574
65583
65593
65603
65612
65622
65632
65641
65651
65661
65670
65680
65690
65699
65709
65719
65728
65738
65748
65758
65767
65777
65787
65796
65806
65816
65825
65835
65845
65854
65864
65874
65883
65893
65903
65912
65922
65932
65941
65951
65961
65970
65980
65990
65999
66009
66019
66028
66038
66048
66057
66067
66077
66086
66096
66106
66116
66125
66135
66145
66154
66164
66181
66191
66200
66210
66220
66229
66239
66249
66258
66268
66278
66287
66297
66306
66316
66326
66335
66345
66355
66364
66374
66384
66393
66403
66412
66422
66432
66441
66451
66461
66470
66480
66490
66499
66509
66518
66528
66538
66547
66557
66567
66576
66586
66596
66605
66615
66624
66634
66644
66653
66663
66673
66682
66692
66702
66711
66721
66730
66740
66750
66759
66769
66779
66788
66798
66808
66817
66827
66837
66846
66856
66865
66875
66885
66894
66904
66914
66923
66933
66943
66952
66962
66971
66981
66991
67000
67010
67020
67029
67039
67049
67058
67068
67077
67087
67097
67106
67116
67126
67135
67145
67155
67164
67174
67183
67193
67203
67212
67222
67232
67241
67251
67261
67270
67280
67289
67299
67309
67318
67328
67338
67347
67357
67367
67376
67386
67396
67412
67422
67432
67442
67452
67461
67471
67481
67491
67501
67510
67520
67530
67540
67550
67560
67569
67579
67589
67599
67609
67618
67628
67638
67648
67658
67667
67677
67687
67697
67707
67717
67726
67736
67746
67756
67766
67775
67785
67795
67805
67815
67824
67834
67844
67854
67864
67874
67883
67893
67903
67913
67923
67932
67942
67952
67962
67972
67982
67991
68001
68011
68021
68031
68040
68050
68060
68070
68080
68089
68099
68109
68119
68129
68139
68148
68158
68168
68178
68188
68197
68207
68217
68227
68237
68246
68256
68266
68276
68286
68296
68305
68315
68325
68335
68345
68354
68364
68374
68384
68394
68403
68413
68423
68433
68443
68453
68462
68472
68482
68492
68502
68511
68521
68531
68541
68551
68561
68570
68580
68590
68600
68610
68619
68629
68639
68649
68659
68675
68687
68699
68711
68723
68735
68747
68759
68771
68783
68795
68807
68819
68831
68843
68855
68867
68879
68891
68903
68915
68927
68939
68951
68963
68975
68987
68999
69011
69023
69035
69047
69059
69071
69083
69095
69107
69119
69131
69143
69155
69167
69179
69191
69203
69215
69228
69240
69252
69264
69276
69288
69300
69312
69324
69336
69348
69360
69372
69384
69396
69408
69420
69432
69444
69456
69468
69480
69492
69504
69516
69528
69540
69552
69564
69576
69588
69600
69612
69624
69636
69648
69660
69672
69684
69696
69708
69720
69732
69744
69756
69768
69780
69793
69805
69817
69829
69841
69853
69865
69877
69889
69901
69913
69925
69937
69949
69961
69973
69985
69997
70009
70021
70033
70045
70057
70069
70081
70093
70105
70117
70129
70141
70153
70163
70172
70182
70191
70201
70211
70220
70230
70239
70249
70259
70268
70278
70287
70297
70307
70316
70326
70335
70345
70355
70364
70374
70383
70393
70403
70412
70422
70431
70441
70451
70460
70470
70479
70489
70499
70508
70518
70527
70537
70547
70556
70566
70575
70585
70595
70604
70614
70623
70633
70643
70652
70662
70671
70681
70691
70700
70710
70719
70729
70739
70748
70758
70767
70777
70787
70796
70806
70815
70825
70835
70844
70854
70863
70873
70883
70892
70902
70911
70921
70931
70940
70950
70959
70969
70979
70988
70998
71007
71017
71027
71036
71046
71055
71065
71075
71084
71094
71103
71113
71123
71132
71142
71151
71161
71171
71180
71190
71199
71209
71219
71228
71238
71247
71257
71267
71276
71286
71295
71305
71315
71324
71334
71343
71354
71364
71374
71384
71394
71404
71414
71424
71434
71444
71454
71464
71474
71484
71494
71504
71514
71524
71534
71544
71554
71564
71574
71584
71594
71604
71614
71624
71634
71644
71654
71664
71674
71684
71694
71704
71714
71724
71734
71744
71754
71764
71774
71784
71794
71804
71814
71824
71834
71844
71854
71864
71874
71884
71894
71904
71914
71924
71933
71943
71953
71963
71973
71983
71993
72003
72013
72023
72033
72043
72053
72063
72073
72083
72093
72103
72113
72123
72133
72143
72153
72163
72173
72183
72193
72203
72213
72223
72233
72243
72253
72263
72273
72283
72293
72303
72313
72323
72333
72343
72353
72363
72373
72383
72393
72403
72413
72423
72433
72443
72453
72463
72473
72483
72493
72503
72513
72522
72532
72542
72552
72562
72572
72582
72592
72602
72612
72622
72632
72642
72652
72662
72672
72682
72692
72702
72717
72728
72740
72751
72762
72774
72785
72796
72808
72819
72831
72842
72853
72865
72876
72887
72899
72910
72921
72933
72944
72956
72967
72978
72990
73001
73012
73024
73035
73047
73058
73069
73081
73092
73103
73115
73126
73137
73149
73160
73172
73183
73194
73206
73217
73228
73240
73251
73262
73274
73285
73297
73308
73319
73331
73342
73353
73365
73376
73388
73399
73410
73422
73433
73444
73456
73467
73478
73490
73501
73513
73524
73535
73547
73558
73569
73581
73592
73603
73615
73626
73638
73649
73660
73672
73683
73694
73706
73717
73729
73740
73751
73763
73774
73785
73797
73808
73819
73831
73842
73854
73865
73876
73888
73899
73910
73922
73933
73945
73956
73967
73979
73990
74001
74013
74024
74035
74047
74058
74070
74081
74092
74104
74116
74126
74136
74146
74157
74167
74177
74187
74198
74208
74218
74228
74239
74249
74259
74269
74280
74290
74300
74310
74321
74331
74341
74351
74362
74372
74382
74392
74403
74413
74423
74433
74444
74454
74464
74474
74485
74495
74505
74515
74526
74536
74546
74556
74567
74577
74587
74597
74608
74618
74628
74638
74649
74659
74669
74679
74690
74700
74710
74720
74731
74741
74751
74761
74772
74782
74792
74802
74813
74823
74833
74843
74854
74864
74874
74884
74895
74905
74915
74925
74936
74946
74956
74966
74977
74987
74997
75007
75018
75028
75038
75048
75059
75069
75079
75089
75100
75110
75120
75130
75141
75151
75161
75171
75182
75192
75202
75212
75223
75233
75243
75253
75264
75274
75284
75294
75305
75315
75325
75334
75343
75352
75360
75369
75378
75387
75395
75404
75413
75422
75431
75439
75448
75457
75466
75474
75483
75492
75501
75510
75518
75527
75536
75545
75553
75562
75571
75580
75589
75597
75606
75615
75624
75632
75641
75650
75659
75667
75676
75685
75694
75703
75711
75720
75729
75738
75746
75755
75764
75773
75782
75790
75799
75808
75817
75825
75834
75843
75852
75861
75869
75878
75887
75896
75904
75913
75922
75931
75940
75948
75957
75966
75975
75983
75992
76001
76010
76018
76027
76036
76045
76054
76062
76071
76080
76089
76097
76106
76115
76124
76133
76141
76150
76159
76168
76176
76185
76194
76203
76212
76220
76229
76238
76247
76255
76264
76273
76282
76291
76299
76308
76317
76326
76334
76343
76352
76361
76369
76378
76387
76396
76405
76413
76422
76431
76440
76448
76457
76466
76475
76488
76498
76508
76518
76528
76538
76548
76558
76568
76578
76588
76598
76608
76618
76628
76638
76648
76658
76668
76678
76688
76698
76708
76718
76729
76739
76749
76759
76769
76779
76789
76799
76809
76819
76829
76839
76849
76859
76869
76879
76889
76899
76909
76919
76929
76939
76949
76959
76969
76980
76990
77000
77010
77020
77030
77040
77050
77060
77070
77080
77090
77100
77110
77120
77130
77140
77150
77160
77170
77180
77190
77200
77210
77220
77231
77241
77251
77261
77271
77281
77291
77301
77311
77321
77331
77341
77351
77361
77371
77381
77391
77401
77411
77421
77431
77441
77451
77461
77471
77482
77492
77502
77512
77522
77532
77542
77552
77562
77572
77582
77592
77602
77612
77622
77632
77642
77652
77662
77672
77682
77692
77702
77712
77722
77733
77743
77753
77763
77773
77783
77793
77803
77813
77827
77836
77846
77855
77865
77874
77884
77893
77903
77912
77922
77931
77941
77950
77960
77969
77979
77988
77998
78007
78017
78026
78036
78045
78055
78064
78074
78083
78093
78102
78112
78121
78131
78140
78150
78159
78169
78178
78187
78197
78206
78216
78225
78235
78244
78254
78263
78273
78282
78292
78301
78311
78320
78330
78339
78349
78358
78368
78377
78387
78396
78406
78415
78425
78434
78444
78453
78463
78472
78482
78491
78501
78510
78520
78529
78538
78548
78557
78567
78576
78586
78595
78605
78614
78624
78633
78643
78652
78662
78671
78681
78690
78700
78709
78719
78728
78738
78747
78757
78766
78776
78785
78795
78804
78814
78823
78833
78842
78852
78861
78871
78880
78890
78899
78908
78918
78927
78937
78946
78965
78983
79001
79019
79037
79055
79073
79091
79109
79126
79144
79162
79180
79198
79216
79234
79252
79270
79287
79305
79323
79341
79359
79377
79395
79413
79431
79448
79466
79484
79502
79520
79538
79556
79574
79592
79610
79627
79645
79663
79681
79699
79717
79735
79753
79771
79788
79806
79824
79842
79860
79878
79896
79914
79932
79949
79967
79985
80003
80021
80039
80057
80075
80093
80111
80128
80146
80164
80182
80200
80218
80236
80254
80272
80289
80307
80325
80343
80361
80379
80397
80415
80433
80450
80468
80486
80504
80522
80540
80558
80576
80594
80612
80629
80647
80665
80683
80701
80719
80737
80755
80773
80790
80808
80826
80844
80862
80880
80898
80916
80934
80951
80969
80987
81005
81023
81041
81059
81077
81095
81112
81126
81139
81153
81166
81180
81193
81207
81221
81234
81248
81261
81275
81288
81302
81315
81329
81343
81356
81370
81383
81397
81410
81424
81437
81451
81465
81478
81492
81505
81519
81532
81546
81560
81573
81587
81600
81614
81627
81641
81654
81668
81682
81695
81709
81722
81736
81749
81763
81776
81790
81804
81817
81831
81844
81858
81871
81885
81899
81912
81926
81939
81953
81966
81980
81993
82007
82021
82034
82048
82061
82075
82088
82102
82115
82129
82143
82156
82170
82183
82197
82210
82224
82238
82251
82265
82278
82292
82305
82319
82332
82346
82360
82373
82387
82400
82414
82427
82441
82454
82468
82482
82495
82509
82522
82536
82549
82563
82577
82590
82604
82617
82631
82644
82658
82671
82685
82699
82712
82726
82739
82753
82773
82786
82799
82812
82825
82838
82851
82864
82877
82890
82903
82916
82929
82942
82955
82968
82981
82994
83007
83020
83033
83046
83059
83072
83085
83098
83111
83124
83138
83151
83164
83177
83190
83203
83216
83229
83242
83255
83268
83281
83294
83307
83320
83333
83346
83359
83372
83385
83398
83411
83424
83437
83450
83463
83476
83489
83502
83516
83529
83542
83555
83568
83581
83594
83607
83620
83633
83646
83659
83672
83685
83698
83711
83724
83737
83750
83763
83776
83789
83802
83815
83828
83841
83854
83867
83880
83894
83907
83920
83933
83946
83959
83972
83985
83998
84011
84024
84037
84050
84063
84076
84089
84102
84115
84128
84141
84154
84167
84180
84193
84206
84219
84232
84245
84259
84281
84293
84304
84316
84328
84339
84351
84363
84374
84386
84398
84409
84421
84432
84444
84456
84467
84479
84491
84502
84514
84526
84537
84549
84561
84572
84584
84595
84607
84619
84630
84642
84654
84665
84677
84689
84700
84712
84724
84735
84747
84758
84770
84782
84793
84805
84817
84828
84840
84852
84863
84875
84886
84898
84910
84921
84933
84945
84956
84968
84980
84991
85003
85015
85026
85038
85049
85061
85073
85084
85096
85108
85119
85131
85143
85154
85166
85178
85189
85201
85212
85224
85236
85247
85259
85271
85282
85294
85306
85317
85329
85341
85352
85364
85375
85387
85399
85410
85422
85434
85445
85457
85469
85480
85492
85503
85515
85527
85538
85550
85562
85573
85585
85597
85608
85620
85632
85643
85655
85666
85678
85690
85701
85713
85725
85736
85748
85760
85771
85783
85795
85806
85818
85829
85841
85853
85864
85876
85888
85899
85911
85923
85939
85949
85959
85968
85978
85988
85997
86007
86017
86027
86036
86046
86056
86065
86075
86085
86095
86104
86114
86124
86133
86143
86153
86163
86172
86182
86192
86201
86211
86221
86231
86240
86250
86260
86269
86279
86289
86299
86308
86318
86328
86337
86347
86357
86367
86376
86386
86396
86405
86415
86425
86434
86444
86454
86464
86473
86483
86493
86502
86512
86522
86532
86541
86551
86561
86570
86580
86590
86600
86609
86619
86629
86638
86648
86658
86668
86677
86687
86697
86706
86716
86726
86736
86745
86755
86765
86774
86784
86794
86804
86813
86823
86833
86842
86852
86862
86871
86881
86891
86901
86910
86920
86930
86939
86949
86959
86969
86978
86988
86998
87007
87017
87027
87037
87046
87056
87066
87075
87085
87095
87105
87114
87124
87134
87143
87153
87173
87185
87197
87210
87222
87234
87246
87259
87271
87283
87296
87308
87320
87332
87345
87357
87369
87381
87394
87406
87418
87431
87443
87455
87467
87480
87492
87504
87516
87529
87541
87553
87566
87578
87590
87602
87615
87627
87639
87652
87664
87676
87688
87701
87713
87725
87737
87750
87762
87774
87787
87799
87811
87823
87836
87848
87860
87872
87885
87897
87909
87922
87934
87946
87958
87971
87983
87995
88008
88020
88032
88044
88057
88069
88081
88093
88106
88118
88130
88143
88155
88167
88179
88192
88204
88216
88228
88241
88253
88265
88278
88290
88302
88314
88327
88339
88351
88364
88376
88391
88400
88410
88419
88428
88438
88447
88457
88466
88475
88485
88494
88504
88513
88522
88532
88541
88551
88560
88569
88579
88588
88598
88607
88616
88626
88635
88644
88654
88663
88673
88682
88691
88701
88710
88720
88729
88738
88748
88757
88767
88776
88785
88795
88804
88814
88823
88832
88844
88856
88867
88879
88890
88902
88913
88925
88936
88948
88959
88971
88982
88994
89005
89017
89028
89040
89051
89063
89074
89086
89097
89109
89120
89132
89143
89155
89166
89178
89189
89201
89212
89224
89235
89247
89258
89270
89281
89293
89304
89316
89327
89339
89350
89362
89373
89385
89396
89408
89419
89431
89442
89454
89465
89477
89488
89500
89512
89523
89535
89546
89558
89569
89581
89592
89604
89615
89627
89638
89650
89661
89673
89684
89696
89707
89719
89730
89742
89753
89765
89776
89788
89799
89811
89822
89834
89845
89857
89868
89880
89891
89903
89914
89926
89937
89949
89960
89972
89983
89995
90006
90018
90029
90041
90052
90064
90075
90087
90098
90110
90121
90133
90144
90156
90168
90179
90191
90202
90214
90225
90237
90248
90260
90271
90283
90294
90306
90317
90329
90340
90352
90363
90375
90386
90398
90409
90421
90432
90444
90455
90467
90478
90490
90501
90513
90524
90536
90547
90559
90570
90582
90593
90605
90616
90628
90639
90651
90662
90674
90685
90697
90708
90723
90732
90742
90751
90760
90770
90779
90788
90798
90807
90816
90826
90835
90844
90854
90863
90872
90882
90891
90900
90910
90919
90929
90938
90947
90957
90966
90975
90985
90994
91003
91013
91022
91031
91041
91050
91059
91069
91078
91087
91097
91106
91115
91125
91134
91144
91153
91162
91172
91181
91190
91200
91209
91218
91228
91237
91246
91256
91265
91274
91284
91293
91302
91312
91321
91330
91340
91349
91359
91368
91377
91387
91396
91405
91415
91424
91433
91443
91452
91461
91471
91480
91489
91499
91508
91517
91527
91536
91545
91555
91564
91574
91583
91592
91602
91611
91620
91630
91639
91648
91658
91667
91676
91686
91695
91704
91714
91723
91732
91742
91751
91760
91770
91779
91789
91798
91807
91817
91826
91835
91845
91854
91863
91873
91882
91893
91902
91911
91920
91930
91939
91948
91957
91967
91976
91985
91994
92004
92013
92022
92031
92041
92050
92059
92068
92078
92087
92096
92105
92115
92124
92133
92142
92152
92161
92170
92179
92189
92198
92207
92216
92226
92235
92244
92253
92263
92272
92281
92290
92300
92309
92318
92327
92337
92346
92355
92364
92374
92383
92392
92401
92411
92420
92429
92438
92448
92457
92466
92475
92485
92494
92503
92512
92522
92531
92540
92549
92559
92568
92577
92586
92596
92605
92614
92623
92633
92642
92651
92660
92670
92679
92688
92697
92707
92716
92725
92734
92744
92753
92762
92771
92781
92790
92799
92808
92818
92827
92836
92845
92855
92864
92873
92882
92892
92901
92910
92919
92929
92938
92947
92956
92966
92975
92984
92993
93003
93012
93021
93030
93040
93049
93058
93067
93077
93086
93095
93104
93114
93122
93130
93137
93145
93152
93160
93167
93175
93183
93190
93198
93205
93213
93220
93228
93235
93243
93251
93258
93266
93273
93281
93288
93296
93303
93311
93319
93326
93334
93341
93349
93356
93364
93371
93379
93387
93394
93402
93409
93417
93424
93432
93439
93447
93455
93462
93470
93477
93485
93492
93500
93507
93515
93523
93530
93538
93545
93552
93560
93567
93575
93582
93589
93597
93604
93611
93619
93626
93634
93641
93648
93656
93663
93671
93678
93685
93693
93700
93707
93715
93722
93730
93737
93744
93752
93759
93767
93774
93781
93789
93796
93803
93811
93818
93833
93841
93849
93857
93865
93873
93880
93888
93896
93904
93912
93920
93928
93935
93943
93951
93959
93967
93975
93983
93990
93998
94006
94014
94022
94030
94037
94045
94053
94061
94069
94077
94085
94092
94100
94108
94116
94124
94132
94140
94147
94155
94163
94171
94179
94187
94195
94202
94210
94218
94226
94234
94242
94249
94257
94265
94273
94281
94289
94297
94304
94312
94320
94328
94336
94344
