0
29
56
83
111
138
165
193
220
247
275
302
329
356
384
411
438
466
493
520
548
575
602
630
657
684
711
739
766
793
821
848
875
903
930
957
984
1012
1039
1066
1094
1121
1148
1176
1203
1230
1258
1285
1312
1339
1367
1394
1421
1449
1476
1503
1531
1558
1585
1612
1640
1667
1694
1722
1749
1776
1804
1831
1858
1886
1913
1940
1967
1995
2022
2049
2077
2104
2131
2159
2186
2213
2240
2268
2295
2322
2350
2377
2404
2432
2459
2486
2514
2541
2580
2608
2636
2664
2692
2720
2748
2776
2804
2832
2860
2888
2916
2944
2972
3000
3028
3056
3084
3112
3140
3168
3196
3224
3252
3280
3308
3336
3364
3392
3420
3448
3476
3504
3532
3561
3589
3617
3645
3673
3701
3729
3757
3785
3813
3841
3869
3897
3925
3953
3981
4009
4037
4065
4093
4121
4149
4177
4205
4233
4261
4289
4317
4345
4373
4401
4429
4457
4485
4513
4542
4570
4598
4626
4654
4682
4710
4738
4766
4794
4822
4850
4878
4906
4934
4962
4990
5018
5046
5074
5102
5130
5158
5186
5214
5242
5270
5298
5326
5354
5382
5410
5438
5466
5494
5522
5551
5579
5607
5635
5663
5691
5719
5747
5775
5803
5831
5859
5887
5915
5943
5971
5999
6027
6055
6083
6111
6139
6167
6195
6223
6251
6279
6307
6335
6363
6391
6419
6447
6475
6520
6547
6574
6601
6628
6655
6682
6709
6736
6764
6791
6818
6845
6872
6899
6926
6953
6980
7008
7035
7062
7089
7116
7143
7170
7197
7224
7251
7279
7306
7333
7360
7387
7414
7441
7468
7495
7523
7550
7577
7604
7631
7658
7685
7712
7739
7767
7794
7821
7848
7875
7902
7929
7956
7983
8010
8038
8065
8092
8119
8146
8173
8200
8227
8254
8282
8309
8336
8363
8390
8417
8444
8471
8498
8526
8553
8580
8607
8634
8661
8688
8715
8742
8769
8797
8824
8851
8878
8905
8932
8959
8986
9013
9041
9068
9095
9122
9149
9176
9203
9230
9257
9284
9312
9339
9366
9393
9420
9447
9474
9501
9528
9556
9583
9619
9646
9672
9699
9725
9752
9779
9805
9832
9858
9885
9912
9938
9965
9991
10018
10045
10071
10098
10124
10151
10178
10204
10231
10257
10284
10311
10337
10364
10390
10417
10444
10470
10497
10523
10550
10577
10603
10630
10656
10683
10710
10736
10763
10789
10816
10843
10869
10896
10922
10949
10976
11002
11029
11055
11082
11109
11135
11162
11188
11215
11242
11268
11295
11321
11348
11375
11401
11428
11454
11481
11508
11534
11561
11587
11614
11641
11667
11694
11720
11747
11774
11800
11827
11853
11880
11906
11933
11960
11986
12013
12039
12066
12093
12119
12146
12172
12199
12226
12252
12279
12305
12332
12359
12385
12412
12438
12465
12492
12518
12545
12571
12598
12625
12651
12678
12704
12731
12758
12784
12811
12837
12864
12891
12917
12944
12970
12997
13024
13050
13077
13103
13130
13157
13183
13210
13236
13263
13290
13316
13343
13369
13396
13423
13449
13476
13502
13529
13556
13582
13609
13635
13662
13689
13715
13742
13768
13795
13826
13849
13872
13895
13918
13941
13964
13987
14010
14033
14055
14078
14101
14124
14147
14170
14193
14216
14239
14262
14284
14307
14330
14353
14376
14399
14422
14445
14468
14491
14514
14536
14559
14582
14605
14628
14651
14674
14697
14720
14743
14765
14788
14811
14834
14857
14880
14903
14926
14949
14972
14994
15017
15040
15063
15086
15109
15132
15155
15178
15201
15224
15246
15269
15292
15315
15338
15361
15384
15407
15430
15453
15475
15498
15521
15544
15567
15590
15613
15636
15659
15682
15705
15727
15750
15773
15796
15819
15842
15865
15888
15911
15934
15956
15979
16014
16034
16053
16073
16093
16112
16132
16151
16171
16191
16210
16230
16250
16269
16289
16308
16328
16348
16367
16387
16407
16426
16446
16465
16485
16505
16524
16544
16564
16583
16603
16622
16642
16662
16681
16701
16721
16740
16760
16779
16799
16819
16838
16858
16877
16897
16917
16936
16956
16976
16995
17015
17034
17054
17074
17093
17113
17133
17152
17172
17191
17211
17231
17250
17270
17290
17309
17329
17348
17368
17388
17407
17427
17447
17466
17486
17505
17525
17545
17564
17584
17604
17623
17643
17662
17682
17702
17721
17741
17760
17780
17800
17819
17839
17859
17878
17898
17917
17937
17957
17976
17996
18016
18035
18076
18098
18119
18141
18163
18184
18206
18227
18249
18271
18292
18314
18335
18357
18379
18400
18422
18444
18465
18487
18508
18530
18552
18573
18595
18616
18638
18660
18681
18703
18725
18746
18768
18789
18811
18833
18854
18876
18897
18919
18941
18962
18984
19006
19027
19049
19070
19092
19114
19135
19157
19178
19200
19222
19243
19265
19286
19308
19330
19351
19373
19395
19416
19438
19459
19481
19503
19524
19546
19567
19589
19611
19632
19654
19676
19697
19719
19740
19762
19784
19805
19827
19848
19870
19892
19913
19935
19957
19978
20000
20021
20043
20065
20086
20108
20129
20151
20173
20194
20216
20237
20259
20281
20302
20324
20346
20367
20389
20410
20432
20454
20475
20497
20518
20540
20562
20583
20605
20627
20648
20670
20691
20713
20735
20756
20778
20799
20821
20843
20864
20886
20908
20929
20966
20986
21007
21027
21047
21068
21088
21108
21129
21149
21169
21190
21210
21230
21251
21271
21292
21312
21332
21353
21373
21393
21414
21434
21454
21475
21495
21515
21536
21556
21577
21597
21617
21638
21658
21678
21699
21719
21739
21760
21780
21800
21821
21841
21862
21882
21902
21923
21943
21963
21984
22004
22024
22045
22065
22085
22106
22126
22146
22167
22187
22208
22228
22248
22269
22289
22309
22330
22350
22370
22391
22411
22431
22452
22472
22493
22513
22533
22554
22574
22594
22615
22635
22655
22676
22696
22716
22737
22757
22778
22798
22818
22839
22859
22879
22900
22920
22940
22961
22981
23001
23022
23042
23062
23083
23103
23124
23144
23164
23185
23205
23225
23246
23266
23286
23307
23327
23347
23368
23388
23409
23429
23449
23470
23490
23510
23531
23551
23571
23592
23612
23632
23653
23687
23707
23727
23747
23767
23787
23807
23828
23848
23868
23888
23908
23928
23948
23968
23989
24009
24029
24049
24069
24089
24109
24129
24150
24170
24190
24210
24230
24250
24270
24290
24311
24331
24351
24371
24391
24411
24431
24451
24472
24492
24512
24532
24552
24572
24592
24612
24633
24653
24673
24693
24713
24733
24753
24774
24794
24814
24834
24854
24874
24894
24914
24935
24955
24975
24995
25015
25035
25055
25075
25096
25116
25136
25156
25176
25196
25216
25236
25257
25277
25297
25317
25337
25357
25377
25397
25418
25438
25458
25478
25498
25518
25538
25558
25579
25599
25619
25639
25659
25679
25699
25719
25740
25760
25780
25800
25820
25840
25860
25881
25901
25921
25941
25961
25981
26001
26021
26042
26062
26082
26102
26122
26142
26162
26182
26203
26223
26243
26263
26283
26303
26337
26357
26378
26398
26418
26439
26459
26479
26500
26520
26540
26561
26581
26601
26622
26642
26662
26683
26703
26723
26744
26764
26785
26805
26825
26846
26866
26886
26907
26927
26947
26968
26988
27008
27029
27049
27069
27090
27110
27130
27151
27171
27192
27212
27232
27253
27273
27293
27314
27334
27354
27375
27395
27415
27436
27456
27476
27497
27517
27537
27558
27578
27599
27619
27639
27660
27680
27700
27721
27741
27761
27782
27802
27822
27843
27863
27883
27904
27924
27944
27965
27985
28006
28026
28046
28067
28087
28107
28128
28148
28168
28189
28209
28229
28250
28270
28290
28311
28331
28351
28372
28392
28413
28433
28453
28474
28494
28527
28546
28565
28585
28604
28623
28643
28662
28681
28700
28720
28739
28758
28778
28797
28816
28835
28855
28874
28893
28913
28932
28951
28970
28990
29009
29028
29048
29067
29086
29105
29125
29144
29163
29183
29202
29221
29240
29260
29279
29298
29318
29337
29356
29375
29395
29414
29433
29453
29472
29491
29510
29530
29549
29568
29588
29607
29626
29645
29665
29684
29703
29723
29742
29761
29780
29800
29819
29838
29858
29877
29896
29916
29935
29954
29973
29993
30012
30031
30051
30070
30089
30108
30128
30147
30166
30186
30205
30224
30243
30263
30282
30301
30321
30340
30359
30378
30398
30417
30436
30456
30475
30494
30513
30533
30552
30571
30591
30610
30629
30648
30668
30687
30706
30726
30745
30764
30783
30803
30822
30841
30861
30880
30899
30918
30938
30957
30976
30996
31015
31034
31053
31073
31092
31111
31146
31164
31182
31201
31219
31237
31255
31274
31292
31310
31329
31347
31365
31383
31402
31420
31438
31457
31475
31493
31511
31530
31548
31566
31584
31603
31621
31639
31658
31676
31694
31712
31731
31749
31767
31786
31804
31822
31840
31859
31877
31895
31913
31932
31950
31968
31987
32005
32023
32041
32060
32078
32096
32115
32133
32151
32169
32188
32206
32224
32242
32261
32279
32297
32316
32334
32352
32370
32389
32407
32425
32444
32462
32480
32498
32517
32535
32553
32571
32590
32608
32626
32645
32663
32681
32699
32718
32736
32754
32773
32791
32809
32827
32846
32864
32882
32900
32919
32937
32955
32974
32992
33010
33028
33047
33065
33083
33102
33120
33138
33156
33175
33193
33211
33230
33248
33266
33284
33303
33321
33339
33357
33376
33399
33419
33440
33460
33480
33501
33521
33541
33562
33582
33602
33623
33643
33663
33684
33704
33724
33745
33765
33785
33806
33826
33847
33867
33887
33908
33928
33948
33969
33989
34009
34030
34050
34070
34091
34111
34131
34152
34172
34192
34213
34233
34253
34274
34294
34315
34335
34355
34376
34396
34416
34437
34457
34477
34498
34518
34538
34559
34579
34599
34620
34640
34660
34681
34701
34722
34742
34762
34783
34803
34823
34844
34864
34884
34905
34925
34945
34966
34986
35006
35027
35047
35067
35088
35108
35128
35149
35169
35190
35210
35230
35251
35271
35291
35312
35332
35352
35373
35393
35413
35434
35454
35474
35495
35515
35535
35556
35576
35596
35617
35637
35658
35678
35698
35719
35739
35759
35780
35800
35820
35841
35861
35881
35902
35922
35942
35963
35983
36003
36024
36044
36065
36092
36114
36136
36159
36181
36203
36226
36248
36270
36293
36315
36337
36360
36382
36404
36427
36449
36471
36494
36516
36538
36561
36583
36605
36628
36650
36672
36695
36717
36739
36761
36784
36806
36828
36851
36873
36895
36918
36940
36962
36985
37007
37029
37052
37074
37096
37119
37141
37163
37186
37208
37230
37253
37275
37297
37320
37342
37364
37386
37409
37431
37453
37476
37498
37520
37543
37565
37587
37610
37632
37654
37677
37699
37721
37744
37766
37788
37811
37833
37855
37878
37900
37922
37945
37967
37989
38011
38034
38056
38078
38101
38123
38145
38168
38190
38212
38235
38257
38279
38302
38324
38346
38369
38391
38413
38436
38458
38490
38510
38529
38549
38568
38588
38608
38627
38647
38666
38686
38705
38725
38745
38764
38784
38803
38823
38842
38862
38882
38901
38921
38940
38960
38979
38999
39019
39038
39058
39077
39097
39117
39136
39156
39175
39195
39214
39234
39254
39273
39293
39312
39332
39351
39371
39391
39410
39430
39449
39469
39488
39508
39528
39547
39567
39586
39606
39625
39645
39665
39684
39704
39723
39743
39763
39782
39802
39821
39841
39860
39880
39900
39919
39939
39958
39978
39997
40017
40037
40056
40076
40095
40115
40134
40154
40174
40193
40213
40232
40252
40272
40291
40311
40330
40350
40369
40389
40409
40428
40448
40467
40487
40506
40526
40546
40565
40585
40604
40624
40643
40663
40683
40702
40722
40741
40761
40780
40800
40820
40839
40859
40878
40898
40918
40937
40957
40976
40996
41028
41055
41082
41109
41136
41163
41190
41218
41245
41272
41299
41326
41353
41380
41408
41435
41462
41489
41516
41543
41570
41598
41625
41652
41679
41706
41733
41760
41788
41815
41842
41869
41896
41923
41950
41978
42005
42032
42059
42086
42113
42140
42168
42195
42222
42249
42276
42303
42330
42358
42385
42412
42439
42466
42493
42520
42548
42575
42602
42629
42656
42683
42710
42738
42765
42792
42819
42846
42873
42900
42928
42955
42982
43009
43036
43063
43090
43118
43145
43172
43199
43226
43253
43280
43308
43335
43362
43389
43416
43443
43470
43498
43525
43552
43579
43606
43633
43660
43688
43715
43742
43769
43796
43823
43850
43878
43905
43932
43959
43986
44013
44040
44068
44109
44128
44146
44165
44184
44202
44221
44240
44258
44277
44296
44314
44333
44352
44370
44389
44408
44426
44445
44464
44482
44501
44520
44538
44557
44576
44594
44613
44632
44650
44669
44688
44706
44725
44744
44762
44781
44800
44818
44837
44856
44874
44893
44912
44930
44949
44968
44986
45005
45024
45042
45061
45080
45098
45117
45136
45154
45173
45192
45210
45229
45248
45266
45285
45304
45322
45341
45360
45378
45397
45416
45434
45453
45472
45490
45509
45528
45546
45565
45584
45602
45621
45640
45658
45677
45696
45714
45733
45752
45770
45789
45808
45826
45845
45864
45882
45901
45920
45938
45957
45976
45994
46013
46032
46050
46069
46088
46106
46125
46144
46162
46181
46200
46218
46237
46256
46274
46293
46312
46330
46349
46368
46386
46405
46441
46460
46479
46498
46518
46537
46556
46575
46594
46614
46633
46652
46671
46690
46710
46729
46748
46767
46787
46806
46825
46844
46863
46883
46902
46921
46940
46959
46979
46998
47017
47036
47056
47075
47094
47113
47132
47152
47171
47190
47209
47228
47248
47267
47286
47305
47324
47344
47363
47382
47401
47421
47440
47459
47478
47497
47517
47536
47555
47574
47593
47613
47632
47651
47670
47690
47709
47728
47747
47766
47786
47805
47824
47843
47862
47882
47901
47920
47939
47959
47978
47997
48016
48035
48055
48074
48093
48112
48131
48151
48170
48189
48208
48232
48252
48272
48292
48313
48333
48353
48373
48394
48414
48434
48454
48475
48495
48515
48535
48556
48576
48596
48616
48637
48657
48677
48697
48718
48738
48758
48778
48799
48819
48839
48859
48879
48900
48920
48940
48960
48981
49001
49021
49041
49062
49082
49102
49122
49143
49163
49183
49203
49224
49244
49264
49284
49305
49325
49345
49365
49386
49406
49426
49446
49466
49487
49507
49527
49547
49568
49588
49608
49628
49649
49669
49689
49709
49730
49750
49770
49790
49811
49831
49851
49871
49892
49912
49932
49952
49973
49993
50013
50033
50053
50074
50094
50114
50134
50155
50175
50195
50215
50236
50256
50276
50296
50317
50337
50357
50377
50398
50418
50438
50458
50479
50499
50519
50539
50560
50580
50600
50620
50640
50661
50681
50701
50721
50742
50762
50782
50802
50823
50843
50863
50883
50904
50924
50944
50964
50985
51010
51028
51047
51065
51083
51102
51120
51139
51157
51175
51194
51212
51231
51249
51267
51286
51304
51322
51341
51359
51378
51396
51414
51433
51451
51470
51488
51506
51525
51543
51561
51580
51598
51617
51635
51653
51672
51690
51709
51727
51745
51764
51782
51800
51819
51837
51856
51874
51892
51911
51929
51948
51966
51984
52003
52021
52039
52058
52076
52095
52113
52131
52150
52168
52187
52205
52223
52242
52260
52278
52297
52315
52334
52352
52370
52389
52407
52426
52444
52462
52481
52499
52528
52554
52581
52607
52634
52660
52686
52713
52739
52766
52792
52818
52845
52871
52898
52924
52950
52977
53003
53030
53056
53082
53109
53135
53162
53188
53214
53241
53267
53294
53320
53346
53373
53399
53426
53452
53478
53505
53531
53558
53584
53610
53637
53663
53690
53716
53743
53769
53795
53822
53848
53875
53901
53927
53954
53980
54007
54033
54059
54086
54112
54139
54165
54191
54218
54244
54271
54297
54323
54350
54376
54403
54429
54455
54482
54508
54535
54561
54587
54614
54640
54667
54693
54719
54746
54772
54799
54825
54851
54878
54904
54931
54957
54984
55010
55036
55063
55089
55116
55142
55168
55195
55241
55269
55297
55325
55354
55382
55410
55438
55467
55495
55523
55551
55580
55608
55636
55664
55693
55721
55749
55777
55806
55834
55862
55890
55918
55947
55975
56003
56031
56060
56088
56116
56144
56173
56201
56229
56257
56286
56314
56342
56370
56399
56427
56455
56483
56512
56540
56568
56596
56624
56653
56681
56709
56737
56766
56794
56822
56850
56879
56907
56935
56963
56992
57020
57048
57076
57105
57133
57161
57189
57218
57246
57274
57302
57330
57359
57387
57415
57443
57472
57500
57528
57556
57585
57613
57641
57669
57698
57726
57754
57782
57811
57839
57867
57895
57924
57952
57980
58008
58036
58065
58093
58121
58149
58178
58206
58234
58262
58291
58319
58347
58375
58404
58432
58460
58488
58517
58545
58573
58601
58630
58658
58686
58714
58754
58776
58798
58820
58841
58863
58885
58907
58928
58950
58972
58994
59015
59037
59059
59081
59102
59124
59146
59168
59189
59211
59233
59255
59276
59298
59320
59342
59363
59385
59407
59429
59450
59472
59494
59516
59537
59559
59581
59603
59624
59646
59668
59690
59711
59733
59755
59777
59799
59820
59842
59864
59886
59907
59929
59951
59973
59994
60016
60038
60060
60081
60103
60125
60147
60168
60190
60212
60234
60255
60277
60299
60321
60342
60364
60386
60408
60429
60451
60473
60495
60516
60538
60560
60582
60603
60625
60647
60669
60690
60712
60734
60756
60778
60799
60821
60843
60865
60886
60908
60930
60952
60973
60995
61017
61039
61060
61082
61104
61126
61147
61169
61191
61213
61234
61256
61278
61300
61321
61343
61365
61387
61408
61430
61452
61474
61495
61517
61539
61561
61582
61604
61626
61648
61669
61691
61713
61735
61761
61780
61798
61817
61836
61854
61873
61891
61910
61929
61947
61966
61985
62003
62022
62040
62059
62078
62096
62115
62133
62152
62171
62189
62208
62227
62245
62264
62282
62301
62320
62338
62357
62375
62394
62413
62431
62450
62469
62487
62506
62524
62543
62562
62580
62599
62617
62636
62655
62673
62692
62711
62729
62748
62766
62785
62804
62822
62841
62860
62878
62897
62915
62934
62953
62971
62990
63008
63027
63046
63064
63083
63102
63120
63139
63157
63176
63195
63213
63232
63250
63269
63288
63306
63325
63344
63362
63381
63399
63418
63437
63455
63474
63492
63511
63530
63548
63567
63586
63604
63623
63641
63660
63679
63697
63716
63734
63753
63772
63790
63809
63828
63846
63865
63883
63902
63921
63939
63958
63977
63995
64014
64032
64063
64083
64103
64123
64143
64163
64183
64204
64224
64244
64264
64284
64304
64324
64344
64365
64385
64405
64425
64445
64465
64485
64506
64526
64546
64566
64586
64606
64626
64646
64667
64687
64707
64727
64747
64767
64787
64807
64828
64848
64868
64888
64908
64928
64948
64969
64989
65009
65029
65049
65069
65089
65109
65130
65150
65170
65190
65210
65230
65250
65271
65291
65311
65331
65351
65371
65391
65411
65432
65452
65472
65492
65512
65532
65552
65572
65593
65613
65633
65653
65673
65693
65713
65734
65754
65774
65794
65814
65834
65854
65874
65895
65915
65935
65955
65975
65995
66015
66035
66056
66076
66096
66116
66136
66156
66176
66197
66217
66237
66257
66277
66297
66317
66337
66358
66378
66398
66418
66438
66458
66478
66499
66519
66543
66563
66582
66602
66622
66641
66661
66681
66700
66720
66739
66759
66779
66798
66818
66838
66857
66877
66897
66916
66936
66955
66975
66995
67014
67034
67054
67073
67093
67112
67132
67152
67171
67191
67211
67230
67250
67270
67289
67309
67328
67348
67368
67387
67407
67427
67446
67466
67485
67505
67525
67544
67564
67584
67603
67623
67643
67662
67682
67701
67721
67741
67760
67780
67800
67819
67839
67858
67878
67898
67917
67937
67957
67976
67996
68016
68035
68065
68086
68107
68128
68149
68170
68191
68212
68233
68254
68275
68296
68317
68338
68359
68380
68401
68422
68443
68464
68485
68506
68527
68548
68569
68590
68611
68632
68653
68674
68695
68716
68737
68758
68779
68800
68821
68842
68863
68884
68905
68926
68947
68968
68990
69011
69032
69053
69074
69095
69116
69137
69158
69179
69200
69221
69242
69263
69284
69305
69326
69347
69368
69389
69410
69431
69452
69473
69494
69515
69536
69557
69578
69599
69620
69641
69662
69683
69704
69725
69746
69767
69788
69809
69830
69851
69872
69893
69915
69936
69957
69978
69999
70020
70041
70062
70083
70104
70125
70146
70167
70188
70209
70230
70251
70272
70293
70314
70335
70356
70377
70398
70419
70440
70461
70482
70503
70524
70545
70566
70587
70608
70629
70650
70671
70692
70713
70734
70755
70776
70797
70818
70839
70861
70882
70903
70924
70945
70966
70987
71017
71039
71062
71084
71107
71129
71152
71174
71197
71219
71241
71264
71286
71309
71331
71354
71376
71399
71421
71443
71466
71488
71511
71533
71556
71578
71601
71623
71646
71668
71690
71713
71735
71758
71780
71803
71825
71848
71870
71892
71915
71937
71960
71982
72005
72027
72050
72072
72095
72117
72139
72162
72184
72207
72229
72252
72274
72297
72319
72341
72364
72386
72409
72431
72454
72476
72499
72521
72544
72566
72588
72611
72633
72656
72678
72701
72723
72746
72768
72790
72813
72835
72858
72880
72903
72925
72948
72970
72993
73015
73037
73060
73082
73105
73127
73150
73172
73195
73217
73239
73262
73284
73307
73329
73352
73374
73397
73419
73442
73464
73486
73509
73531
73554
73576
73599
73621
73644
73666
73688
73711
73733
73756
73778
73801
73823
73846
73868
73890
73913
73935
73958
73980
74003
74046
74067
74088
74110
74131
74152
74173
74195
74216
74237
74259
74280
74301
74322
74344
74365
74386
74407
74429
74450
74471
74493
74514
74535
74556
74578
74599
74620
74641
74663
74684
74705
74727
74748
74769
74790
74812
74833
74854
74876
74897
74918
74939
74961
74982
75003
75024
75046
75067
75088
75110
75131
75152
75173
75195
75216
75237
75258
75280
75301
75322
75344
75365
75386
75407
75429
75450
75471
75493
75514
75535
75556
75578
75599
75620
75641
75663
75684
75705
75727
75748
75769
75790
75812
75833
75854
75875
75897
75918
75939
75961
75982
76003
76024
76046
76067
76088
76109
76131
76152
76173
76195
76216
76237
76258
76280
76301
76322
76344
76365
76386
76407
76448
76471
76494
76517
76540
76563
76586
76609
76632
76655
76678
76701
76724
76746
76769
76792
76815
76838
76861
76884
76907
76930
76953
76976
76999
77022
77045
77067
77090
77113
77136
77159
77182
77205
77228
77251
77274
77297
77320
77343
77366
77388
77411
77434
77457
77480
77503
77526
77549
77572
77595
77618
77641
77664
77686
77709
77732
77755
77778
77801
77824
77847
77870
77893
77916
77939
77962
77985
78007
78030
78053
78076
78099
78122
78145
78168
78191
78214
78237
78260
78283
78306
78328
78351
78374
78397
78420
78443
78466
78489
78512
78535
78558
78581
78604
78626
78649
78672
78695
78718
78741
78764
78787
78810
78833
78868
78891
78913
78936
78959
78981
79004
79026
79049
79072
79094
79117
79140
79162
79185
79207
79230
79253
79275
79298
79321
79343
79366
79388
79411
79434
79456
79479
79502
79524
79547
79569
79592
79615
79637
79660
79683
79705
79728
79750
79773
79796
79818
79841
79864
79886
79909
79931
79954
79977
79999
80022
80045
80067
80090
80112
80135
80158
80180
80203
80226
80248
80271
80293
80316
80339
80361
80384
80407
80429
80452
80474
80497
80520
80542
80565
80588
80610
80633
80655
80678
80701
80723
80746
80769
80791
80814
80836
80859
80882
80904
80927
80950
80972
80995
81017
81040
81063
81085
81108
81131
81153
81176
81198
81221
81244
81266
81289
81312
81334
81357
81379
81402
81425
81447
81470
81493
81515
81538
81560
81583
81606
81628
81651
81674
81696
81720
81743
81766
81789
81812
81835
81858
81881
81904
81927
81950
81973
81996
82019
82042
82066
82089
82112
82135
82158
82181
82204
82227
82250
82273
82296
82319
82342
82365
82388
82411
82435
82458
82481
82504
82527
82550
82573
82596
82619
82642
82665
82688
82711
82734
82757
82780
82804
82827
82850
82873
82896
82919
82942
82965
82988
83011
83034
83057
83080
83103
83126
83150
83173
83196
83219
83242
83265
83288
83311
83334
83357
83380
83403
83426
83449
83472
83495
83519
83542
83565
83588
83611
83634
83657
83680
83703
83726
83749
83772
83795
83818
83841
83864
83888
83911
83934
83957
83980
84003
84026
84049
84072
84095
84118
84141
84164
84187
84210
84234
84257
84280
84303
84326
84349
84372
84395
84418
84441
84468
84490
84512
84534
84556
84578
84600
84622
84644
84666
84688
84710
84732
84754
84776
84798
84820
84842
84864
84886
84908
84930
84952
84974
84996
85018
85040
85062
85084
85106
85128
85150
85172
85194
85216
85238
85260
85282
85304
85326
85348
85370
85392
85414
85436
85458
85480
85502
85524
85546
85568
85590
85612
85633
85655
85677
85699
85721
85743
85765
85787
85809
85831
85853
85875
85897
85919
85941
85963
85985
86007
86029
86051
86073
86095
86117
86139
86161
86183
86205
86227
86249
86271
86293
86315
86337
86359
86381
86403
86425
86447
86469
86491
86513
86535
86557
86579
86601
86623
86645
86667
86689
86711
86733
86755
86777
86798
86820
86842
86864
86886
86908
86930
86952
86974
86996
87018
87040
87062
87084
87106
87128
87150
87172
87194
87216
87238
87260
87282
87304
87326
87348
87370
87392
87414
87436
87458
87480
87502
87524
87546
87568
87590
87612
87634
87670
87693
87716
87739
87763
87786
87809
87832
87856
87879
87902
87925
87949
87972
87995
88018
88042
88065
88088
88111
88135
88158
88181
88204
88228
88251
88274
88297
88321
88344
88367
88390
88414
88437
88460
88483
88507
88530
88553
88576
88600
88623
88646
88669
88693
88716
88739
88762
88786
88809
88832
88855
88879
88902
88925
88948
88971
88995
89018
89041
89064
89088
89111
89134
89157
89181
89204
89227
89250
89274
89297
89320
89343
89367
89390
89413
89436
89460
89483
89506
89529
89553
89576
89599
89622
89646
89669
89692
89715
89739
89762
89785
89808
89832
89855
89878
89901
89925
89948
89971
89994
90018
90041
90064
90087
90111
90134
90157
90180
90204
90227
90250
90273
90296
90320
90343
90366
90389
90420
90444
90467
90491
90514
90538
90561
90585
90608
90632
90655
90679
90702
90726
90749
90773
90796
90820
90844
90867
90891
90914
90938
90961
90985
91008
91032
91055
91079
91102
91126
91149
91173
91196
91220
91243
91267
91291
91314
91338
91361
91385
91408
91432
91455
91479
91502
91526
91549
91573
91596
91620
91643
91667
91690
91714
91738
91761
91785
91808
91832
91855
91879
91902
91926
91949
91973
91996
92020
92043
92067
92090
92114
92138
92161
92185
92208
92232
92255
92279
92302
92326
92349
92373
92396
92420
92443
92467
92490
92514
92537
92561
92585
92608
92632
92655
92679
92702
92726
92749
92773
92796
92820
92843
92867
92890
92914
92937
92961
92984
93008
93032
93055
93079
93102
93126
93149
93173
93209
93230
93251
93273
93294
93315
93337
93358
93379
93400
93422
93443
93464
93486
93507
93528
93550
93571
93592
93613
93635
93656
93677
93699
93720
93741
93763
93784
93805
93826
93848
93869
93890
93912
93933
93954
93976
93997
94018
94039
94061
94082
94103
94125
94146
94167
94188
94210
94231
94252
94274
94295
94316
94338
94359
94380
94401
94423
94444
94465
94487
94508
94529
94551
94572
94593
94614
94636
94657
94678
94700
94721
94742
94764
94785
94806
94827
94849
94870
94891
94913
94934
94955
94976
94998
95019
95040
95062
95083
95104
95126
95147
95168
95189
95211
95232
95253
95275
95296
95317
95339
95360
95381
95402
95424
95445
95466
95488
95509
95530
95552
95573
95594
95615
95637
95658
95679
95701
95722
95743
95765
95786
95807
95838
95859
95880
95901
95922
95942
95963
95984
96005
96026
96047
96067
96088
96109
96130
96151
96172
96192
96213
96234
96255
96276
96296
96317
96338
96359
96380
96401
96421
96442
96463
96484
96505
96526
96546
96567
96588
96609
96630
96651
96671
96692
96713
96734
96755
96775
96796
96817
96838
96859
96880
96900
96921
96942
96963
96984
97005
97025
97046
97067
97088
97109
97129
97150
97171
97192
97213
97234
97254
97275
97296
97317
97338
97359
97379
97400
97421
97442
97463
97484
97504
97525
97546
97567
97588
97608
97629
97650
97671
97692
97713
97733
97754
97775
97796
97817
97838
97858
97879
97900
97921
97942
97962
97983
98004
98025
98046
98067
98087
98108
98129
98150
98171
98192
98212
98233
98254
98275
98296
98317
98337
98378
98399
98420
98441
98461
98482
98503
98524
98544
98565
98586
98607
98627
98648
98669
98690
98711
98731
98752
98773
98794
98814
98835
98856
98877
98897
98918
98939
98960
98980
99001
99022
99043
99064
99084
99105
99126
99147
99167
99188
99209
99230
99250
99271
99292
99313
99333
99354
99375
99396
99417
99437
99458
99479
99500
99520
99541
99562
99583
99603
99624
99645
99666
99686
99707
99728
99749
99770
99790
99811
99832
99853
99873
99894
99915
99936
99956
99977
99998
100019
100039
100060
100081
100102
100123
100143
100164
100185
100206
100226
100247
100268
100289
100309
100330
100351
100372
100392
100413
100434
100455
100476
100496
100517
100538
100559
100579
100600
100621
100642
100662
100683
100704
100725
100745
100766
100787
100808
100829
100849
100870
100891
100912
100932
100953
100974
100995
101014
101030
101046
101062
101078
101094
101110
101126
101142
101158
101174
101190
101206
101222
101238
101254
101270
101286
101302
101318
101334
101350
101366
101382
101398
101414
101430
101445
101461
101477
101493
101509
101525
101541
101557
101573
101589
101605
101621
101637
101653
101669
101685
101701
101717
101733
101749
101765
101781
101797
101813
101829
101845
101861
101877
101892
101908
101924
101940
101956
101972
101988
102004
102020
102036
102052
102068
102084
102100
102116
102132
102148
102164
102180
102196
102212
102228
102244
102260
102276
102292
102308
102323
102339
102355
102371
102387
102403
102419
102435
102451
102467
102483
102499
102515
102531
102547
102563
102579
102595
102611
102627
102643
102659
102675
102691
102707
102723
102739
102755
102771
102787
102802
102818
102834
102849
102865
102881
102896
102912
102928
102943
102959
102975
102990
103006
103022
103037
103053
103069
103084
103100
103116
103131
103147
103163
103178
103194
103210
103225
103241
103257
103272
103288
103304
103319
103335
103351
103366
103382
103398
103413
103429
103445
103461
103476
103492
103508
103523
103539
103555
103570
103586
103602
103617
103633
103649
103664
103680
103696
103711
103727
103743
103758
103774
103790
103805
103821
103837
103852
103868
103884
103899
103915
103931
103946
103962
103978
103993
104009
104025
104040
104056
104072
104087
104103
104119
104134
104150
104166
104182
104197
104213
104229
104244
104260
104276
104291
104307
104323
104338
104354
104370
104385
104401
104417
104432
104448
104464
104479
104495
104511
104526
104542
104558
104573
104589
104605
104620
104636
104652
104667
104683
104699
104714
104730
104746
104761
104777
104793
104808
104824
104840
104855
104871
104887
104903
104918
104934
104950
104965
104981
104997
105013
105026
105040
105053
105066
105080
105093
105106
105120
105133
105146
105160
105173
105186
105200
105213
105227
105240
105253
105267
105280
105293
105307
105320
105333
105347
105360
105373
105387
105400
105414
105427
105440
105454
105467
105480
105494
105507
105520
105534
105547
105560
105574
105587
105601
105614
105627
105641
105654
105667
105681
105694
105707
105721
105734
105747
105761
105774
105788
105801
105814
105828
105841
105854
105868
105881
105894
105908
105921
105934
105948
105961
105975
105988
106001
106015
106028
106041
106055
106068
106081
106095
106108
106121
106135
106148
106162
106175
106188
106202
106215
106228
106242
106255
106268
106282
106295
106308
106322
106335
106349
106362
106375
106389
106402
106415
106429
106442
106455
106469
106482
106495
106509
106522
106535
106549
106562
106576
106589
106602
106616
106629
106642
106656
106672
106685
106698
106711
106724
106736
106749
106762
106775
106788
106800
106813
106826
106839
106852
106864
106877
106890
106903
106916
106928
106941
106954
106967
106980
106992
107005
107018
107031
107044
107056
107069
107082
107095
107108
107120
107133
107146
107159
107172
107184
107197
107210
107223
107236
107248
107261
107274
107287
107300
107312
107325
107338
107351
107364
107376
107389
107402
107415
107428
107440
107453
107466
107479
107492
107504
107517
107530
107543
107556
107568
107581
107594
107607
107620
107632
107645
107658
107671
107684
107696
107709
107722
107735
107748
107760
107773
107786
107799
107812
107825
107837
107850
107863
107876
107889
107901
107914
107927
107940
107953
107965
107978
107991
108004
108017
108029
108042
108055
108068
108081
108093
108106
108119
108132
108145
108157
108170
108183
108196
108209
108221
108234
108247
108260
108273
108285
108304
108318
108332
108345
108359
108373
108387
108400
108414
108428
108441
108455
108469
108483
108496
108510
108524
108537
108551
108565
108579
108592
108606
108620
108633
108647
108661
108675
108688
108702
108716
108729
108743
108757
108771
108784
108798
108812
108825
108839
108853
108867
108880
108894
108908
108921
108935
108949
108963
108976
108990
109004
109017
109031
109045
109059
109072
109086
109100
109113
109127
109141
109155
109168
109182
109196
109209
109223
109237
109251
109264
109278
109292
109305
109319
109333
109347
109360
109374
109388
109401
109415
109429
109443
109456
109470
109484
109497
109511
109525
109539
109552
109566
109580
109593
109607
109621
109635
109648
109662
109676
109689
109703
109717
109731
109744
109758
109772
109785
109799
109813
109827
109840
109854
109868
109881
109895
109909
109923
109936
109950
109964
109983
109995
110007
110019
110031
110043
110054
110066
110078
110090
110102
110114
110126
110137
110149
110161
110173
110185
110197
110209
110220
110232
110244
110256
110268
110280
110292
110303
110315
110327
110339
110351
110363
110374
110386
110398
110410
110422
110434
110446
110457
110469
110481
110493
110505
110517
110529
110540
110552
110564
110576
110588
110600
110612
110623
110635
110647
110659
110671
110683
110695
110706
110718
110730
110742
110754
110766
110777
110789
110801
110813
110825
110837
110849
110860
110872
110884
110896
110908
110920
110932
110943
110955
110967
110979
110991
111003
111015
111026
111038
111050
111062
111074
111086
111098
111109
111121
111133
111145
111157
111169
111180
111192
111204
111216
111228
111240
111252
111263
111275
111287
111299
111311
111323
111335
111346
111358
111370
111382
111394
111406
111418
111429
111441
111461
111479
111498
111516
111535
111553
111571
111590
111608
111627
111645
111663
111682
111700
111719
111737
111755
111774
111792
111811
111829
111847
111866
111884
111903
111921
111939
111958
111976
111995
112013
112032
112050
112068
112087
112105
112124
112142
112160
112179
112197
112216
112234
112252
112271
112289
112308
112326
112344
112363
112381
112400
112418
112436
112455
112473
112492
112510
112528
112547
112565
112584
112602
112621
112639
112657
112676
112694
112713
112731
112749
112768
112786
112805
112823
112841
112860
112878
112897
112915
112933
112952
112970
112989
113007
113025
113044
113062
113081
113099
113117
113136
113154
113173
113191
113210
113228
113246
113265
113283
113302
113320
113338
113357
113375
113394
113412
113430
113449
113467
113486
113504
113522
113541
113559
113578
113596
113614
113633
113651
113670
113688
113706
113725
113743
113762
113780
113799
113817
113835
113854
113879
113895
113911
113928
113944
113960
113977
113993
114009
114026
114042
114058
114075
114091
114107
114124
114140
114156
114173
114189
114205
114222
114238
114254
114271
114287
114303
114320
114336
114352
114369
114385
114401
114418
114434
114450
114467
114483
114499
114516
114532
114548
114564
114581
114597
114613
114630
114646
114662
114679
114695
114711
114728
114744
114760
114777
114793
114809
114826
114842
114858
114875
114891
114907
114924
114940
114956
114973
114989
115005
115022
115038
115054
115071
115087
115103
115120
115136
115152
115169
115185
115201
115218
115234
115250
115266
115283
115299
115315
115332
115348
115364
115381
115397
115413
115430
115446
115462
115479
115495
115511
115528
115544
115560
115577
115593
115609
115626
115642
115658
115675
115691
115707
115724
115740
115756
115773
115789
115805
115822
115849
115865
115880
115896
115912
115927
115943
115959
115974
115990
116006
116021
116037
116053
116068
116084
116100
116115
116131
116147
116162
116178
116194
116209
116225
116241
116256
116272
116287
116303
116319
116334
116350
116366
116381
116397
116413
116428
116444
116460
116475
116491
116507
116522
116538
116554
116569
116585
116601
116616
116632
116648
116663
116679
116694
116710
116726
116741
116757
116773
116788
116804
116820
116835
116851
116867
116882
116898
116914
116929
116945
116961
116976
116992
117008
117023
117039
117055
117070
117086
117102
117117
117133
117148
117164
117180
117195
117211
117227
117242
117258
117274
117289
117305
117321
117336
117352
117368
117383
117399
117415
117430
117446
117462
117477
117493
117509
117524
117540
117555
117571
117587
117602
117618
117650
117667
117684
117701
117718
117735
117752
117769
117786
117803
117820
117837
117854
117871
117888
117905
117922
117939
117956
117973
117990
118007
118024
118041
118058
118075
118092
118109
118125
118142
118159
118176
118193
118210
118227
118244
118261
118278
118295
118312
118329
118346
118363
118380
118397
118414
118431
118448
118465
118482
118499
118516
118533
118550
118567
118584
118600
118617
118634
118651
118668
118685
118702
118719
118736
118753
118770
118787
118804
118821
118838
118855
118872
118889
118906
118923
118940
118957
118974
118991
119008
119025
119042
119059
119075
119092
119109
119126
119143
119160
119177
119194
119211
119228
119245
119262
119279
119296
119313
119330
119347
119364
119381
119398
119415
119432
119449
119466
119483
119500
119517
119534
119550
119567
119584
119601
119618
119635
119652
119669
119686
119703
119720
119737
119754
119771
119788
119811
119827
119844
119860
119876
119893
119909
119925
119942
119958
119975
119991
120007
120024
120040
120056
120073
120089
120106
120122
120138
120155
120171
120187
120204
120220
120237
120253
120269
120286
120302
120318
120335
120351
120368
120384
120400
120417
120433
120449
120466
120482
120499
120515
120531
120548
120564
120580
120597
120613
120630
120646
120662
120679
120695
120711
120728
120744
120761
120777
120793
120810
120826
120842
120859
120875
120892
120908
120924
120941
120957
120973
120990
121006
121023
121039
121055
121072
121088
121104
121121
121137
121154
121170
121186
121203
121219
121235
121252
121268
121285
121301
121317
121334
121350
121366
121383
121399
121416
121432
121448
121465
121481
121497
121514
121530
121546
121563
121579
121596
121612
121628
121645
121661
121677
121694
121710
121727
121743
121759
121776
121792
121808
121825
121841
121858
121874
121890
121907
121932
121950
121968
121985
122003
122021
122038
122056
122074
122091
122109
122127
122145
122162
122180
122198
122215
122233
122251
122268
122286
122304
122321
122339
122357
122375
122392
122410
122428
122445
122463
122481
122498
122516
122534
122552
122569
122587
122605
122622
122640
122658
122675
122693
122711
122728
122746
122764
122782
122799
122817
122835
122852
122870
122888
122905
122923
122941
122959
122976
122994
123012
123029
123047
123065
123082
123100
123118
123135
123153
123171
123189
123206
123224
123242
123259
123277
123295
123312
123330
123348
123366
123383
123401
123419
123436
123454
123472
123489
123507
123525
123542
123560
123578
123596
123613
123631
123649
123666
123684
123702
123719
123737
123755
123773
123790
123808
123826
123843
123861
123879
123896
123914
123932
123961
123977
123993
124009
124025
124041
124057
124072
124088
124104
124120
124136
124152
124168
124184
124199
124215
124231
124247
124263
124279
124295
124311
124326
124342
124358
124374
124390
124406
124422
124437
124453
124469
124485
124501
124517
124533
124549
124564
124580
124596
124612
124628
124644
124660
124676
124691
124707
124723
124739
124755
124771
124787
124802
124818
124834
124850
124866
124882
124898
124914
124929
124945
124961
124977
124993
125009
125025
125041
125056
125072
125088
125104
125120
125136
125152
125167
125183
125199
125215
125231
125247
125263
125279
125294
125310
125326
125342
125358
125374
125390
125406
125421
125437
125453
125469
125485
125501
125517
125532
125548
125564
125580
125596
125612
125628
125644
125659
125675
125691
125707
125723
125739
125755
125771
125786
125802
125818
125834
125850
125878
125900
125922
125945
125967
125989
126011
126034
126056
126078
126100
126123
126145
126167
126189
126212
126234
126256
126279
126301
126323
126345
126368
126390
126412
126434
126457
126479
126501
126523
126546
126568
126590
126612
126635
126657
126679
126702
126724
126746
126768
126791
126813
126835
126857
126880
126902
126924
126946
126969
126991
127013
127036
127058
127080
127102
127125
127147
127169
127191
127214
127236
127258
127280
127303
127325
127347
127369
127392
127414
127436
127459
127481
127503
127525
127548
127570
127592
127614
127637
127659
127681
127703
127726
127748
127770
127793
127815
127837
127859
127882
127904
127926
127948
127971
127993
128015
128037
128060
128082
128104
128126
128149
128171
128193
128216
128238
128260
128282
128305
128327
128349
128371
128394
128416
128438
128460
128483
128505
128527
128563
128590
128617
128644
128671
128698
128724
128751
128778
128805
128832
128859
128885
128912
128939
128966
128993
129020
129046
129073
129100
129127
129154
129181
129207
129234
129261
129288
129315
129342
129368
129395
129422
129449
129476
129503
129529
129556
129583
129610
129637
129664
129690
129717
129744
129771
129798
129825
129851
129878
129905
129932
129959
129986
130012
130039
130066
130093
130120
130147
130173
130200
130227
130254
130281
130308
130335
130361
130388
130415
130442
130469
130496
130522
130549
130576
130603
130630
130657
130683
130710
130737
130764
130791
130818
130844
130871
130898
130925
130952
130979
131005
131032
131059
131086
131113
131140
131166
131193
131220
131247
131274
131301
131327
131354
131381
131408
131435
131462
131488
131515
131562
131588
131614
131640
131666
131691
131717
131743
131769
131795
131820
131846
131872
131898
131924
131949
131975
132001
132027
132053
132078
132104
132130
132156
132182
132207
132233
132259
132285
132311
132336
132362
132388
132414
132440
132465
132491
132517
132543
132569
132594
132620
132646
132672
132698
132723
132749
132775
132801
132827
132852
132878
132904
132930
132956
132981
133007
133033
133059
133085
133110
133136
133162
133188
133214
133239
133265
133291
133317
133343
133368
133394
133420
133446
133472
133498
133523
133549
133575
133601
133627
133652
133678
133704
133730
133756
133781
133807
133833
133859
133885
133910
133936
133962
133988
134014
134039
134065
134091
134117
134143
134168
134194
134220
134246
134272
134297
134323
134349
134375
134401
134426
134452
134478
134504
134530
134555
134581
134607
134633
134659
134684
134710
134736
134762
134788
134813
134839
134865
134891
134917
134942
134968
134994
135020
135046
135071
135097
135123
135153
135170
135187
135204
135221
135238
135255
135272
135289
135306
135323
135340
135357
135374
135390
135407
135424
135441
135458
135475
135492
135509
135526
135543
135560
135577
135594
135611
135627
135644
135661
135678
135695
135712
135729
135746
135763
135780
135797
135814
135831
135848
135864
135881
135898
135915
135932
135949
135966
135983
136000
136017
136034
136051
136068
136085
136101
136118
136135
136152
136169
136186
136203
136220
136237
136254
136271
136288
136305
136322
136338
136355
136372
136389
136406
136423
136440
136457
136474
136491
136508
136525
136542
136559
136575
136592
136609
136626
136643
136660
136677
136694
136711
136728
136745
136762
136779
136796
136812
136829
136846
136863
136880
136897
136914
136931
136948
136965
136982
136999
137016
137033
137049
137066
137083
137100
137117
137134
137151
137168
137185
137202
137219
137246
137264
137283
137301
137320
137338
137356
137375
137393
137412
137430
137448
137467
137485
137504
137522
137541
137559
137577
137596
137614
137633
137651
137669
137688
137706
137725
137743
137761
137780
137798
137817
137835
137854
137872
137890
137909
137927
137946
137964
137982
138001
138019
138038
138056
138075
138093
138111
138130
138148
138167
138185
138203
138222
138240
138259
138277
138295
138314
138332
138351
138369
138388
138406
138424
138443
138461
138480
138498
138516
138535
138553
138572
138590
138609
138627
138645
138664
138682
138701
138719
138737
138756
138774
138793
138811
138829
138848
138866
138885
138903
138922
138940
138958
138977
138995
139024
139040
139056
139072
139089
139105
139121
139137
139153
139170
139186
139202
139218
139234
139251
139267
139283
139299
139315
139332
139348
139364
139380
139396
139413
139429
139445
139461
139477
139494
139510
139526
139542
139559
139575
139591
139607
139623
139640
139656
139672
139688
139704
139734
139750
139766
139782
139798
139814
139830
139846
139862
139878
139894
139910
139926
139942
139958
139974
139990
140006
140022
140038
140054
140070
140086
140102
140118
140134
140150
140166
140182
140198
140214
140230
140246
140262
140278
140294
140310
140326
140342
140358
140374
140390
140406
140422
140438
140454
140470
140486
140502
140518
140534
140550
140566
140582
140598
140614
140630
140646
140662
140678
140694
140710
140726
140742
140758
140774
140790
140806
140822
140838
140854
140870
140886
140902
140918
140934
140950
140966
140982
140998
141014
141030
141046
141062
141078
141094
141110
141126
141142
141158
141174
141190
141206
141222
141238
141254
141270
141286
141302
141318
141334
141350
141366
141382
141398
141414
141430
141446
141462
141478
141494
141510
141526
141542
141558
141574
141590
141606
141622
141638
141654
141669
141685
141701
141717
141733
141749
141765
141781
141797
141813
141829
141845
141861
141877
141893
141909
141925
141941
141957
141973
141989
142005
142021
142037
142053
142069
142085
142101
142117
142133
142149
142165
142181
142197
142213
142229
142245
142261
142277
142293
142309
142337
142356
142375
142394
142413
142431
142450
142469
142488
142507
142525
142544
142563
142582
142601
142619
142638
142657
142676
142695
142713
142732
142751
142770
142789
142808
142826
142845
142864
142883
142902
142920
142939
142958
142977
142996
143014
143033
143052
143071
143090
143108
143127
143146
143165
143184
143203
143221
143240
143259
143278
143297
143315
143334
143353
143372
143391
143409
143428
143447
143466
143485
143503
143522
143541
143560
143579
143598
143616
143635
143654
143673
143692
143710
143729
143748
143767
143786
143804
143823
143842
143861
143880
143898
143917
143936
143955
143974
143993
144011
144030
144049
144068
144087
144105
144124
144143
144162
144181
144199
144218
144237
144256
144275
144293
144312
144331
144350
144369
144388
144406
144425
144444
144463
144482
144500
144519
144538
144557
144576
144596
144614
144632
144650
144667
144685
144703
144721
144739
144756
144774
144792
144810
144827
144845
144863
144881
144899
144916
144934
144952
144970
144987
145005
145023
145041
145059
145076
145094
145112
145130
145148
145165
145183
145201
145219
145236
145254
145272
145290
145308
145325
145343
145361
145379
145396
145414
145432
145450
145468
145485
145503
145521
145539
145556
145574
145592
145610
145628
145645
145663
145681
145699
145717
145734
145752
145770
145788
145805
145823
145841
145859
145877
145894
145912
145930
145948
145965
145983
146001
146019
146037
146054
146072
146090
146108
146125
146143
146161
146179
146197
146214
146232
146250
146268
146286
146303
146321
146339
146357
146374
146392
146410
146428
146446
146463
146481
146499
146517
146534
146552
146570
146588
146606
146623
146641
146659
146677
146695
146712
146730
146748
146766
146783
146801
146819
146837
146855
146881
146903
146925
146948
146970
146992
147015
147037
147059
147082
147104
147126
147149
147171
147193
147216
147238
147260
147283
147305
147327
147350
147372
147394
147417
147439
147461
147484
147506
147528
147551
147573
147595
147618
147640
147662
147685
147707
147729
147752
147774
147796
147819
147841
147863
147886
147908
147927
147946
147965
147984
148003
148022
148042
148061
148080
148099
148118
148137
148156
148176
148195
148214
148233
148252
148271
148290
148310
148329
148348
148367
148386
148405
148424
148443
148463
148482
148501
148520
148539
148555
148570
148586
148601
148617
148632
148647
148663
148678
148694
148709
148724
148740
148755
148771
148786
148801
148817
148832
148848
148863
148878
148894
148909
148925
148940
148956
148971
148986
149002
149017
149033
149048
149063
149079
149094
149110
149125
149140
149156
149171
149187
149202
149217
149233
149248
149264
149279
149295
149310
149325
149341
149356
149372
149387
149402
149418
149433
149449
149464
149486
149501
149516
149532
149547
149562
149578
149593
149608
149623
149639
149654
149669
149685
149700
149715
149731
149746
149761
149776
149792
149807
149822
149838
149853
149868
149884
149899
149914
149929
149945
149960
149975
149991
150006
150021
150037
150052
150067
150082
150098
150113
150128
150144
150159
150174
150189
150205
150220
150235
150251
150266
150281
150297
150312
150327
150342
150358
150373
150388
150404
150419
150434
150450
150465
150480
150495
150511
150526
150541
150557
150572
150587
150603
150618
150633
150648
150664
150679
150694
150710
150725
150740
150756
150771
150786
150801
150817
150832
150847
150863
150878
150893
150908
150924
150939
150954
150970
150985
151000
151016
151031
151046
151061
151077
151092
151107
151123
151138
151153
151169
151184
151199
151214
151230
151245
151260
151276
151291
151306
151322
151337
151352
151367
151383
151398
151413
151429
151444
151459
151474
151490
151505
151520
151536
151551
151566
151582
151597
151612
151627
151643
151658
151673
151689
151704
151719
151735
151750
151765
151780
151796
151811
151826
151842
151857
151872
151888
151903
151918
151933
151949
151964
151979
151995
152010
152025
152041
152056
152071
152086
152102
152117
152132
152148
152163
152178
152193
152209
152224
152239
152255
152270
152285
152301
152316
152331
152346
152362
152377
152392
152408
152423
152438
152454
152469
152484
152499
152515
152530
152545
152561
152576
152591
152607
152622
152637
152652
152668
152683
152698
152714
152729
152744
152759
152775
152790
152805
152821
152836
152851
152867
152882
152897
152912
152928
152943
152958
152974
152989
153004
153020
153035
153050
153065
153081
153096
153111
153127
153142
153157
153173
153188
153203
153218
153234
153249
153264
153280
153295
153310
153326
153341
153356
153371
153387
153402
153417
153433
153448
153463
153478
153494
153509
153524
153540
153555
153570
153586
153601
153616
153636
153651
153666
153681
153696
153711
153727
153742
153757
153772
153787
153802
153818
153833
153848
153863
153878
153893
153909
153924
153939
153954
153969
153984
154000
154015
154030
154045
154060
154075
154091
154106
154121
154136
154151
154166
154182
154197
154212
154227
154242
154257
154273
154288
154303
154318
154333
154348
154364
154379
154394
154409
154424
154439
154455
154470
154485
154500
154515
154530
154546
154561
154576
154591
154606
154621
154637
154652
154667
154682
154697
154712
154728
154743
154758
154773
154788
154803
154819
154834
154849
154864
154879
154894
154910
154925
154940
154955
154970
154985
155001
155016
155031
155046
155061
155076
155092
155107
155122
155137
155152
155167
155183
155198
155213
155228
155243
155258
155274
155289
155304
155319
155334
155349
155365
155380
155395
155410
155425
155440
155456
155471
155486
155501
155516
155531
155547
155562
155577
155592
155607
155622
155638
155653
155668
155683
155698
155713
155729
155744
155759
155774
155789
155804
155820
155835
155850
155865
155880
155895
155911
155926
155941
155959
155976
155993
156010
156027
156044
156061
156078
156095
156112
156129
156146
156163
156180
156197
156214
156231
156248
156265
156282
156299
156316
156333
156350
156367
156384
156401
156418
156435
156452
156469
156486
156503
156520
156537
156554
156571
156588
156605
156622
156639
156656
156673
156690
156707
156725
156742
156759
156776
156793
156810
156827
156844
156861
156878
156895
156912
156929
156946
156963
156980
156997
157014
157031
157048
157065
157082
157099
157116
157133
157150
157167
157184
157201
157218
157235
157252
157269
157286
157303
157320
157337
157354
157371
157388
157405
157422
157439
157456
157473
157491
157508
157525
157542
157559
157577
157593
157609
157625
157641
157657
157673
157689
157704
157720
157736
157752
157768
157784
157800
157816
157831
157847
157863
157879
157895
157911
157927
157943
157958
157974
157990
158006
158022
158038
158054
158070
158085
158101
158117
158133
158149
158165
158181
158197
158212
158228
158244
158260
158276
158292
158308
158324
158339
158355
158371
158387
158403
158419
158435
158451
158466
158482
158498
158514
158530
158546
158562
158578
158593
158609
158625
158641
158657
158673
158689
158705
158720
158736
158752
158768
158784
158800
158816
158832
158847
158863
158879
158895
158911
158927
158943
158959
158974
158990
159006
159022
159038
159054
159070
159086
159101
159117
159133
159149
159165
159181
159197
159213
159228
159244
159260
159276
159292
159308
159324
159340
159355
159371
159387
159403
159419
159435
159451
159467
159482
159498
159514
159530
159546
159562
159578
159594
159609
159625
159641
159657
159673
159689
159705
159721
159736
159752
159768
159784
159800
159816
159849
159866
159883
159900
159917
159934
159951
159968
159985
160002
160019
160036
160054
160071
160088
160105
160122
160139
160156
160173
160190
160207
160224
160241
160259
160276
160293
160310
160327
160344
160361
160378
160395
160412
160429
160446
160464
160481
160498
160515
160532
160549
160566
160583
160600
160617
160634
160651
160669
160686
160703
160720
160737
160754
160771
160788
160805
160822
160839
160856
160874
160891
160908
160925
160942
160959
160976
160993
161010
161027
161044
161061
161079
161096
161113
161130
161147
161164
161181
161198
161215
161232
161249
161266
161284
161301
161318
161335
161352
161369
161386
161403
161420
161437
161454
161471
161489
161506
161523
161540
161557
161574
161591
161608
161625
161642
161659
161676
161694
161711
161728
161745
161762
161779
161796
161821
161840
161859
161877
161896
161915
161934
161952
161971
161990
162009
162027
162046
162065
162084
162102
162121
162140
162159
162177
162196
162215
162233
162252
162271
162290
162308
162327
162346
162365
162383
162402
162421
162440
162458
162477
162496
162515
162533
162552
162571
162590
162608
162627
162646
162664
162683
162702
162721
162739
162758
162777
162796
162814
162833
162852
162871
162889
162908
162927
162946
162964
162983
163002
163021
163039
163058
163077
163095
163114
163133
163152
163170
163189
163208
163227
163245
163264
163283
163302
163320
163339
163358
163377
163395
163414
163433
163451
163470
163489
163508
163526
163545
163564
163583
163601
163620
163639
163658
163676
163695
163714
163733
163751
163770
163789
163808
163826
163845
163864
163882
163901
163920
163939
163957
163976
163995
164014
164032
164051
164070
164089
164107
164126
164145
164164
164182
164201
164220
164239
164257
164276
164295
164313
164332
164351
164370
164388
164407
164426
164445
164463
164482
164501
164520
164538
164557
164576
164595
164613
164632
164651
164669
164688
164707
164726
164744
164763
164782
164802
164821
164840
164859
164878
164897
164916
164935
164953
164972
164991
165010
165029
165048
165067
165086
165104
165123
165142
165161
165180
165199
165218
165237
165255
165274
165293
165312
165331
165350
165369
165388
165406
165425
165444
165463
165482
165501
165520
165539
165558
165576
165595
165614
165633
165652
165671
165690
165709
165727
165746
165765
165784
165803
165822
165841
165860
165878
165897
165916
165935
165954
165973
165992
166011
166029
166048
166067
166086
166105
166124
166143
166162
166180
166199
166218
166237
166256
166275
166294
166313
166332
166350
166369
166388
166407
166426
166445
166464
166483
166501
166520
166539
166558
166577
166596
166620
166636
166652
166668
166685
166701
166717
166733
166749
166766
166782
166798
166814
166830
166847
166863
166879
166895
166911
166928
166944
166960
166976
166992
167009
167025
167041
167057
167073
167090
167106
167122
167138
167154
167171
167187
167203
167219
167235
167252
167268
167284
167300
167316
167333
167349
167365
167381
167397
167414
167430
167446
167462
167478
167495
167511
167527
167543
167559
167576
167592
167608
167624
167640
167657
167673
167689
167705
167721
167738
167754
167770
167786
167802
167819
167835
167851
167867
167883
167900
167916
167932
167948
167964
167981
167997
168013
168029
168045
168062
168078
168094
168110
168126
168143
168159
168175
168191
168207
168224
168240
168256
168272
168288
168305
168321
168342
168359
168376
168394
168411
168428
168446
168463
168480
168497
168515
168532
168549
168567
168584
168601
168618
168636
168653
168670
168688
168705
168722
168740
168757
168774
168791
168809
168826
168843
168861
168878
168895
168912
168930
168947
168964
168982
168999
169016
169033
169051
169068
169085
169103
169120
169137
169155
169172
169189
169206
169224
169241
169258
169276
169293
169310
169327
169345
169362
169379
169397
169414
169431
169449
169466
169483
169500
169518
169535
169552
169570
169587
169604
169621
169639
169656
169673
169691
169708
169725
169742
169760
169777
169794
169812
169829
169846
169864
169881
169898
169915
169933
169950
169967
169985
170002
170019
170036
170054
170071
170088
170106
170123
170140
170158
170175
170192
170209
170227
170244
170261
170279
170296
170313
170330
170348
170365
170382
170400
170417
170434
170451
170469
170486
170503
170521
170538
170555
170573
170590
170607
170624
170642
170672
170690
170708
170726
170744
170762
170780
170798
170815
170833
170851
170869
170887
170905
170923
170941
170959
170976
170994
171012
171030
171048
171066
171084
171102
171120
171137
171155
171173
171191
171209
171227
171245
171263
171281
171298
171316
171334
171352
171370
171388
171406
171424
171442
171459
171477
171495
171513
171531
171549
171567
171585
171603
171620
171638
171656
171674
171692
171710
171728
171746
171764
171781
171799
171817
171835
171853
171871
171889
171907
171925
171942
171960
171978
171996
172014
172032
172050
172068
172086
172103
172121
172139
172157
172175
172193
172211
172229
172247
172264
172282
172300
172318
172336
172354
172372
172390
172408
172425
172443
172461
172479
172497
172515
172533
172551
172569
172586
172604
172622
172640
172658
172676
172694
172712
172730
172747
172765
172783
172801
172819
172837
172855
172873
172891
172908
172926
172944
172962
172980
172998
173016
173034
173052
173082
173099
173116
173133
173150
173166
173183
173200
173217
173234
173250
173267
173284
173301
173318
173334
173351
173368
173385
173402
173419
173435
173452
173469
173486
173503
173519
173536
173553
173570
173587
173603
173620
173637
173654
173671
173688
173704
173721
173738
173755
173772
173788
173805
173822
173839
173856
173872
173889
173906
173923
173940
173957
173973
173990
174007
174024
174041
174057
174074
174091
174108
174125
174141
174158
174175
174192
174209
174226
174242
174259
174276
174293
174310
174326
174343
174360
174377
174394
174410
174427
174444
174461
174478
174495
174511
174528
174545
174562
174579
174595
174612
174629
174646
174663
174679
174696
174713
174730
174747
174764
174780
174797
174814
174831
174848
174864
174881
174898
174915
174932
174948
174965
174982
174999
175016
175033
175049
175066
175083
175100
175117
175133
175150
175167
175184
175201
175217
175234
175251
175268
175285
175302
175318
175334
175350
175366
175382
175398
175414
175429
175445
175461
175477
175493
175509
175525
175541
175556
175572
175588
175604
175620
175636
175652
175668
175684
175699
175715
175731
175747
175763
175779
175795
175811
175826
175842
175858
175874
175890
175906
175922
175938
175954
175969
175985
176001
176017
176033
176049
176065
176081
176096
176112
176128
176144
176160
176176
176192
176208
176223
176239
176255
176271
176287
176303
176319
176335
176351
176366
176382
176398
176414
176430
176446
176462
176478
176493
176509
176525
176541
176557
176573
176589
176605
176621
176636
176652
176668
176684
176700
176716
176732
176748
176763
176779
176795
176811
176827
176843
176859
176875
176890
176906
176922
176938
176954
176970
176986
177002
177034
177051
177068
177084
177101
177118
177135
177151
177168
177185
177202
177218
177235
177252
177269
177285
177302
177319
177336
177352
177369
177386
177403
177419
177436
177453
177470
177486
177503
177520
177536
177553
177570
177587
177603
177620
177637
177654
177670
177687
177704
177721
177737
177754
177771
177788
177804
177821
177838
177855
177871
177888
177905
177922
177938
177955
177972
177989
178005
178022
178039
178055
178072
178089
178106
178122
178139
178156
178173
178189
178206
178223
178240
178256
178273
178290
178307
178323
178340
178357
178374
178390
178407
178424
178441
178457
178474
178491
178507
178524
178541
178558
178574
178591
178608
178625
178641
178658
178675
178692
178708
178725
178742
178759
178775
178792
178809
178826
178842
178859
178876
178893
178909
178926
178943
178960
178976
178993
179010
179026
179043
179060
179077
179093
179110
179127
179144
179160
179177
179194
179211
179227
179244
179261
179278
179294
179315
179333
179350
179368
179386
179403
179421
179438
179456
179474
179491
179509
179527
179544
179562
179579
179597
179615
179632
179650
179667
179685
179703
179720
179738
179756
179773
179791
179808
179826
179844
179861
179879
179897
179914
179932
179949
179967
179985
180002
180020
180037
180055
180073
180090
180108
180126
180143
180161
180178
180196
180214
180231
180249
180266
180284
180302
180319
180337
180355
180372
180390
180407
180425
180443
180460
180478
180496
180513
180531
180548
180566
180584
180601
180619
180636
180654
180672
180689
180707
180725
180742
180760
180777
180795
180813
180830
180848
180865
180883
180901
180918
180936
180954
180971
180989
181006
181024
181042
181059
181077
181095
181112
181130
181147
181165
181183
181200
181218
181235
181253
181271
181288
181306
181324
181341
181359
181376
181394
181412
181429
181447
181465
181496
181513
181530
181547
181564
181581
181598
181615
181632
181649
181666
181683
181700
181717
181734
181751
181768
181785
181802
181819
181836
181853
181870
181887
181904
181921
181938
181955
181972
181989
182006
182023
182040
182057
182074
182091
182108
182125
182142
182160
182177
182194
182211
182228
182245
182262
182279
182296
182313
182330
182347
182364
182381
182398
182415
182432
182449
182466
182483
182500
182517
182534
182551
182568
182585
182602
182619
182636
182653
182670
182687
182704
182721
182738
182755
182772
182789
182806
182823
182841
182858
182875
182892
182909
182926
182943
182960
182977
182994
183011
183028
183045
183062
183079
183096
183113
183130
183147
183164
183181
183198
183215
183232
183249
183266
183283
183300
183317
183334
183351
183368
183385
183402
183419
183436
183453
183470
183487
183504
183522
183539
183556
183573
183590
183607
183624
183641
183658
183675
183692
183709
183726
183757
183776
183794
183813
183831
183850
183868
183887
183906
183924
183943
183961
183980
183998
184017
184036
184054
184073
184091
184110
184128
184147
184166
184184
184203
184221
184240
184258
184277
184296
184314
184333
184351
184370
184388
184407
184425
184444
184463
184481
184500
184518
184537
184555
184574
184593
184611
184630
184648
184667
184685
184704
184723
184741
184760
184778
184797
184815
184834
184853
184871
184890
184908
184927
184945
184964
184983
185001
185020
185038
185057
185075
185094
185112
185131
185150
185168
185187
185205
185224
185242
185261
185280
185298
185317
185335
185354
185372
185391
185410
185428
185447
185465
185484
185502
185521
185540
185558
185577
185595
185614
185632
185651
185670
185688
185707
185725
185744
185762
185784
185800
185815
185831
185846
185862
185877
185893
185909
185924
185940
185955
185971
185986
186002
186017
186033
186049
186064
186080
186095
186111
186126
186142
186158
186173
186189
186204
186220
186235
186251
186266
186282
186298
186313
186329
186344
186360
186375
186391
186406
186422
186438
186453
186469
186484
186500
186515
186531
186547
186562
186578
186593
186609
186624
186640
186655
186671
186687
186702
186718
186733
186749
186764
186780
186796
186811
186827
186842
186858
186873
186889
186904
186920
186936
186951
186967
186982
186998
187013
187029
187044
187060
187076
187091
187107
187122
187138
187153
187169
187185
187200
187216
187231
187247
187262
187278
187293
187309
187325
187340
187356
187371
187387
187402
187418
187433
187449
187465
187480
187496
187511
187527
187542
187558
187574
187589
187605
187620
187636
187651
187667
187682
187698
187714
187729
187745
187760
187776
187791
187813
187828
187843
187858
187873
187888
187903
187918
187933
187948
187963
187978
187993
188008
188023
188038
188053
188068
188083
188098
188113
188128
188143
188158
188173
188188
188203
188218
188233
188248
188263
188278
188293
188308
188323
188338
188353
188368
188383
188398
188413
188428
188443
188458
188473
188488
188503
188518
188533
188548
188563
188578
188593
188608
188623
188638
188653
188668
188683
188698
188713
188728
188743
188758
188773
188788
188803
188818
188833
188848
188863
188878
188893
188908
188923
188938
188953
188968
188983
188998
189013
189028
189043
189058
189073
189088
189103
189118
189133
189148
189163
189178
189193
189208
189223
189238
189253
189268
189283
189298
189313
189328
189343
189358
189373
189388
189403
189418
189433
189448
189463
189478
189493
189508
189523
189538
189561
189574
189586
189599
189611
189624
189636
189649
189661
189674
189687
189699
189712
189724
189737
189749
189762
189774
189787
189799
189812
189825
189837
189850
189862
189875
189887
189900
189912
189925
189937
189950
189963
189975
189988
190000
190013
190025
190038
190050
190063
190075
190088
190101
190113
190126
190138
190151
190163
190176
190188
190201
190214
190226
190239
190251
190264
190276
190289
190301
190314
190326
190339
190352
190364
190377
190389
190402
190414
190427
190439
190452
190464
190477
190490
190502
190515
190527
190540
190552
190565
190577
190590
190602
190615
190628
190640
190653
190665
190678
190690
190703
190715
190728
190740
190753
190766
190778
190791
190803
190816
190828
190841
190853
190866
190879
190891
190904
190916
190929
190941
190954
190966
190979
190991
191004
191017
191029
191042
191054
191067
191079
191092
191104
191117
191129
191153
191168
191183
191197
191212
191227
191242
191256
191271
191286
191301
191315
191330
191345
191360
191374
191389
191404
191419
191433
191448
191463
191478
191492
191507
191522
191537
191551
191566
191581
191596
191610
191625
191640
191655
191669
191684
191699
191714
191728
191743
191758
191773
191787
191802
191817
191832
191846
191861
191876
191891
191905
191920
191935
191950
191964
191979
191994
192008
192023
192038
192053
192067
192082
192097
192112
192126
192141
192156
192171
192185
192200
192215
192230
192244
192259
192274
192289
192303
192318
192333
192348
192362
192377
192392
192407
192421
192436
192451
192466
192480
192495
192510
192525
192551
192573
192595
192617
192639
192661
192683
192705
192727
192749
192771
192793
192815
192837
192859
192881
192903
192925
192947
192969
192991
193013
193035
193057
193079
193101
193123
193145
193167
193189
193211
193233
193255
193277
193299
193321
193343
193365
193387
193409
193431
193453
193475
193497
193519
193541
193563
193585
193607
193629
193651
193673
193695
193717
193739
193761
193783
193805
193827
193849
193871
193893
193915
193937
193959
193981
194003
194025
194047
194068
194090
194112
194134
194156
194178
194200
194222
194244
194266
194288
194310
194332
194354
194376
194398
194420
194442
194464
194486
194508
194530
194552
194574
194596
194618
194640
194662
194684
194706
194728
194750
194772
194794
194816
194838
194860
194882
194904
194926
194948
194970
194992
195014
195036
195058
195080
195102
195124
195146
195168
195190
195212
195234
195256
195278
195300
195322
195344
195366
195388
195410
195432
195454
195476
195498
195520
195558
195576
195595
195613
195632
195650
195669
195687
195706
195724
195743
195761
195780
195798
195816
195835
195853
195872
195890
195909
195927
195946
195964
195983
196001
196020
196038
196056
196075
196093
196112
196130
196149
196167
196186
196204
196223
196241
196260
196278
196296
196315
196333
196352
196370
196389
196407
196426
196444
196463
196481
196500
196518
196536
196555
196573
196592
196610
196629
196647
196666
196684
196703
196721
196740
196758
196777
196795
196813
196832
196850
196869
196887
196906
196924
196943
196961
196980
196998
197017
197035
197053
197082
197105
197128
197151
197174
197197
197220
197242
197265
197288
197311
197334
197357
197380
197403
197425
197448
197471
197494
197517
197540
197563
197585
197608
197631
197654
197677
197700
197723
197746
197768
197791
197814
197837
197860
197883
197906
197928
197951
197974
197997
198020
198043
198066
198089
198111
198134
198157
198180
198203
198226
198249
198272
198294
198317
198340
198363
198386
198409
198432
198454
198477
198500
198523
198546
198569
198592
198615
198637
198660
198683
198706
198729
198752
198775
198797
198820
198843
198866
198889
198912
198935
198958
198980
199003
199026
199049
199072
199095
199118
199141
199163
199186
199209
199232
199255
199278
199301
199323
199346
199369
199392
199434
199458
199482
199506
199531
199555
199579
199603
199628
199652
199676
199700
199725
199749
199773
199797
199822
199846
199870
199894
199919
199943
199967
199991
200016
200040
200064
200088
200113
200137
200161
200185
200209
200234
200258
200282
200306
200331
200355
200379
200403
200428
200452
200476
200500
200525
200549
200573
200597
200622
200646
200670
200694
200719
200743
200767
200791
200816
200840
200864
200888
200913
200937
200961
200985
201009
201034
201058
201082
201106
201131
201155
201179
201203
201228
201252
201276
201300
201325
201349
201373
201397
201422
201446
201470
201494
201519
201543
201567
201591
201616
201640
201664
201688
201712
201737
201761
201785
201809
201834
201858
201882
201906
201931
201955
201979
202003
202028
202052
202076
202100
202125
202149
202173
202197
202222
202246
202270
202294
202319
202343
202367
202391
202416
202440
202473
202496
202518
202541
202563
202586
202608
202631
202653
202676
202698
202721
202743
202766
202788
202811
202833
202856
202878
202901
202924
202946
202969
202991
203014
203036
203059
203081
203104
203126
203149
203171
203194
203216
203239
203261
203284
203306
203329
203352
203374
203397
203419
203442
203464
203487
203509
203532
203554
203577
203599
203622
203644
203667
203689
203712
203734
203757
203779
203802
203825
203847
203870
203892
203915
203937
203960
203982
204005
204027
204050
204072
204095
204117
204140
204162
204185
204207
204230
204253
204275
204298
204320
204343
204365
204388
204410
204433
204455
204478
204500
204523
204545
204568
204590
204613
204635
204658
204681
204703
204726
204748
204771
204793
204816
204838
204861
204883
204906
204928
204951
204973
204996
205018
205041
205063
205086
205108
205131
205154
205176
205199
205221
205244
205266
205289
205311
205334
205356
205379
205401
205424
205446
205469
205491
205514
205536
205559
205587
205613
205639
205665
205691
205717
205743
205769
205796
205822
205848
205874
205900
205926
205952
205978
206005
206031
206057
206083
206109
206135
206161
206187
206214
206240
206266
206292
206318
206344
206370
206396
206423
206449
206475
206501
206527
206553
206579
206605
206632
206658
206684
206710
206736
206762
206788
206814
206841
206867
206893
206919
206945
206971
206997
207023
207049
207076
207102
207128
207154
207180
207206
207232
207258
207285
207311
207337
207363
207389
207415
207441
207467
207494
207520
207546
207572
207598
207624
207650
207676
207703
207729
207755
207781
207807
207833
207859
207885
207912
207938
207964
207990
208016
208042
208068
208094
208121
208147
208173
208199
208225
208251
208277
208303
208329
208356
208382
208408
208434
208460
208486
208512
208538
208565
208591
208617
208643
208669
208695
208721
208747
208791
208821
208850
208880
208910
208939
208969
208998
209028
209058
209087
209117
209147
209176
209206
209235
209265
209295
209324
209354
209383
209413
209443
209472
209502
209532
209561
209591
209620
209650
209680
209709
209739
209768
209798
209828
209857
209887
209917
209946
209976
210005
210035
210065
210094
210124
210153
210183
210213
210242
210272
210302
210331
210361
210390
210420
210450
210479
210509
210538
210568
210598
210627
210657
210687
210716
210746
210775
210805
210835
210864
210894
210923
210953
210983
211012
211042
211072
211101
211131
211160
211190
211220
211249
211279
211308
211338
211368
211397
211427
211457
211486
211516
211545
211575
211605
211634
211664
211693
211723
211753
211782
211812
211842
211871
211901
211930
211960
211990
212019
212049
212078
212108
212138
212167
212197
212227
212256
212286
212315
212345
212405
212439
212473
212507
212540
212574
212608
212642
212676
212709
212743
212777
212811
212845
212878
212912
212946
212980
213014
213047
213081
213115
213149
213183
213216
213250
213284
213318
213352
213385
213419
213453
213487
213521
213554
213588
213622
213656
213690
213723
213757
213791
213825
213859
213892
213926
213960
213994
214028
214061
214095
214129
214163
214197
214230
214264
214298
214332
214366
214399
214433
214467
214501
214535
214568
214602
214636
214670
214704
214737
214771
214805
214839
214873
214906
214940
214966
214991
215016
215040
215065
215090
215114
215139
215164
215188
215213
215238
215262
215287
215312
215336
215361
215386
215410
215435
215460
215485
215509
215534
215559
215583
215608
215633
215657
215682
215707
215731
215756
215781
215805
215830
215855
215879
215904
215929
215954
215978
216003
216028
216052
216077
216102
216126
216151
216176
216200
216225
216250
216274
216299
216324
216348
216373
216398
216423
216447
216472
216497
216521
216546
216571
216595
216620
216645
216669
216694
216719
216743
216768
216793
216817
216842
216867
216892
216916
216941
216966
216990
217015
217040
217064
217089
217114
217138
217163
217188
217212
217237
217262
217286
217311
217336
217361
217385
217410
217435
217459
217484
217509
217533
217558
217583
217607
217632
217657
217681
217706
217731
217755
217780
217805
217829
217854
217879
217904
217928
217953
217978
218002
218027
218052
218076
218101
218126
218150
218175
218200
218224
218249
218274
218298
218323
218348
218373
218397
218428
218453
218478
218503
218528
218554
218579
218604
218629
218654
218680
218705
218730
218755
218780
218806
218831
218856
218881
218906
218932
218957
218982
219007
219032
219058
219083
219108
219133
219158
219183
219209
219234
219259
219284
219309
219335
219360
219385
219410
219435
219461
219486
219511
219536
219561
219587
219612
219637
219662
219687
219713
219738
219763
219788
219813
219838
219864
219889
219914
219939
219964
219990
220015
220040
220065
220090
220116
220141
220166
220191
220216
220242
220267
220292
220317
220342
220368
220393
220418
220443
220468
220494
220519
220544
220569
220594
220619
220645
220670
220695
220720
220745
220771
220796
220821
220846
220871
220897
220922
220947
220972
220997
221023
221048
221073
221098
221123
221149
221174
221199
221224
221249
221274
221300
221325
221350
221375
221400
221426
221451
221476
221501
221526
221552
221577
221602
221627
221652
221678
221703
221728
221753
221778
221804
221829
221863
221893
221923
221953
221983
222013
222043
222073
222103
222133
222163
222193
222223
222253
222283
222313
222343
222373
222403
222433
222463
222493
222523
222553
222583
222613
222643
222673
222703
222733
222762
222792
222822
222852
222882
222912
222942
222972
223002
223032
223062
223092
223122
223152
223182
223212
223242
223272
223302
223332
223362
223392
223422
223452
223482
223512
223542
223572
223602
223632
223662
223691
223721
223751
223781
223811
223841
223871
223901
223931
223961
223991
224021
224051
224081
224111
224141
224171
224201
224231
224261
224291
224321
224351
224381
224411
224441
224471
224501
224531
224561
224591
224620
224650
224680
224710
224740
224770
224800
224830
224860
224890
224920
224950
224980
225010
225040
225070
225100
225130
225160
225208
225243
225278
225312
225347
225382
225416
225451
225486
225520
225555
225590
225625
225659
225694
225729
225763
225798
225833
225867
225902
225937
225972
226006
226041
226076
226110
226145
226180
226214
226249
226284
226318
226353
226388
226423
226457
226492
226527
226561
226596
226631
226665
226700
226735
226770
226804
226839
226874
226908
226943
226978
227012
227047
227082
227117
227151
227186
227221
227255
227290
227325
227359
227394
227429
227463
227498
227533
227568
227602
227637
227672
227706
227741
227776
227810
227845
227880
227915
227949
227984
228019
228053
228088
228123
228157
228192
228227
228262
228296
228331
228366
228400
228435
228470
228504
228539
228574
228608
228643
228678
228713
228747
228800
228825
228851
228876
228902
228927
228952
228978
229003
229029
229054
229080
229105
229130
229156
229181
229207
229232
229257
229283
229308
229334
229359
229385
229410
229435
229461
229486
229512
229537
229562
229588
229613
229639
229664
229690
229715
229740
229766
229791
229817
229842
229868
229893
229918
229944
229969
229995
230020
230045
230071
230096
230122
230147
230173
230198
230223
230249
230274
230300
230325
230350
230376
230401
230427
230452
230478
230503
230528
230554
230579
230605
230630
230656
230681
230706
230732
230757
230783
230808
230833
230859
230884
230910
230935
230961
230986
231011
231037
231062
231088
231113
231138
231164
231189
231215
231240
231266
231291
231316
231342
231367
231393
231418
231443
231469
231494
231520
231545
231571
231596
231621
231647
231672
231698
231723
231749
231774
231799
231825
231850
231876
231901
231926
231952
231977
232003
232028
232054
232079
232116
232138
232159
232181
232202
232224
232245
232267
232288
232310
232331
232353
232374
232396
232417
232439
232460
232482
232503
232525
232546
232568
232589
232611
232632
232654
232675
232697
232718
232740
232761
232783
232804
232826
232847
232869
232890
232912
232933
232955
232976
232998
233019
233041
233062
233084
233105
233127
233148
233170
233192
233213
233235
233256
233278
233299
233321
233342
233364
233385
233407
233428
233450
233471
233493
233514
233536
233557
233579
233600
233622
233643
233665
233686
233708
233729
233751
233772
233794
233815
233837
233858
233880
233901
233923
233944
233966
233987
234009
234030
234052
234073
234095
234116
234138
234159
234181
234202
234224
234245
234267
234289
234310
234332
234353
234375
234396
234418
234439
234461
234482
234504
234525
234547
234568
234590
234611
234633
234654
234683
234702
234721
234740
234758
234777
234796
234815
234833
234852
234871
234890
234908
234927
234946
234965
234984
235002
235021
235040
235059
235077
235096
235115
235134
235152
235171
235190
235209
235228
235246
235265
235284
235303
235321
235340
235359
235378
235396
235415
235434
235453
235471
235490
235509
235528
235547
235565
235584
235603
235622
235640
235659
235678
235697
235715
235734
235753
235772
235791
235809
235828
235847
235866
235884
235903
235922
235941
235959
235978
235997
236016
236034
236053
236072
236091
236110
236128
236147
236166
236185
236203
236222
236241
236260
236278
236297
236316
236335
236354
236372
236391
236410
236429
236447
236466
236485
236504
236522
236541
236560
236579
236598
236616
236635
236654
236673
236691
236710
236729
236748
236766
236785
236804
236823
236841
236860
236879
236898
236917
236935
236954
236973
236992
237010
237029
237048
237067
237085
237104
237123
237142
237161
237179
237198
237217
237236
237254
237273
237292
237311
237329
237348
237367
237386
237404
237426
237446
237466
237486
237506
237526
237546
237566
237586
237607
237627
237647
237667
237687
237707
237727
237747
237767
237788
237808
237828
237848
237868
237888
237908
237928
237948
237969
237989
238009
238029
238049
238069
238089
238109
238129
238150
238170
238190
238210
238230
238250
238270
238290
238310
238331
238351
238371
238391
238411
238431
238451
238471
238491
238512
238532
238552
238572
238592
238612
238632
238652
238672
238693
238713
238733
238753
238773
238793
238813
238833
238853
238873
238894
238914
238934
238954
238974
238994
239014
239034
239054
239075
239095
239115
239135
239155
239175
239195
239215
239235
239256
239276
239296
239316
239336
239356
239376
239396
239416
239437
239457
239477
239497
239517
239537
239557
239577
239597
239618
239638
239658
239678
239698
239718
239738
239758
239778
239819
239842
239865
239888
239911
239934
239957
239979
240002
240025
240048
240071
240094
240117
240140
240162
240185
240208
240231
240254
240277
240300
240322
240345
240368
240391
240414
240437
240460
240483
240505
240528
240551
240574
240597
240620
240643
240666
240688
240711
240734
240757
240780
240803
240826
240848
240871
240894
240917
240940
240963
240986
241009
241031
241054
241077
241100
241123
241146
241169
241191
241214
241237
241260
241283
241306
241329
241352
241374
241397
241420
241443
241466
241489
241512
241535
241557
241580
241603
241626
241649
241672
241695
241717
241740
241763
241786
241809
241832
241855
241878
241900
241923
241946
241969
241992
242015
242038
242061
242083
242106
242129
242152
242175
242198
242221
242243
242266
242289
242312
242335
242358
242381
242404
242426
242449
242472
242495
242539
242561
242582
242604
242625
242647
242668
242690
242711
242733
242754
242776
242798
242819
242841
242862
242884
242905
242927
242948
242970
242991
243013
243034
243056
243078
243099
243121
243142
243164
243185
243207
243228
243250
243271
243293
243315
243336
243358
243379
243401
243422
243444
243465
243487
243508
243530
243551
243573
243595
243616
243638
243659
243681
243702
243724
243745
243767
243788
243810
243831
243853
243875
243896
243918
243939
243961
243982
244004
244025
244047
244068
244090
244112
244133
244155
244176
244198
244219
244241
244262
244284
244305
244327
244348
244370
244392
244413
244435
244456
244478
244499
244521
244542
244564
244585
244607
244629
244650
244672
244693
244715
244736
244758
244779
244801
244822
244844
244865
244887
244909
244930
244952
244973
244995
245016
245038
245059
245081
245102
245124
245145
245167
245189
245218
245239
245259
245280
245301
245321
245342
245363
245383
245404
245425
245445
245466
245486
245507
245528
245548
245569
245590
245610
245631
245652
245672
245693
245713
245734
245755
245775
245796
245817
245837
245858
245879
245899
245920
245940
245961
245982
246002
246023
246044
246064
246085
246106
246126
246147
246167
246188
246209
246229
246250
246271
246291
246312
246333
246353
246374
246394
246415
246436
246456
246477
246498
246518
246539
246560
246580
246601
246621
246642
246663
246683
246704
246725
246745
246766
246787
246807
246828
246848
246869
246890
246910
246931
246952
246972
246993
247014
247034
247055
247075
247096
247117
247137
247158
247179
247199
247220
247241
247261
247282
247302
247323
247344
247364
247385
247406
247426
247447
247468
247488
247509
247529
247550
247571
247591
247612
247633
247653
247674
247695
247715
247733
247751
247769
247787
247805
247823
247840
247858
247876
247894
247912
247930
247948
247966
247983
248001
248019
248037
248055
248073
248091
248109
248126
248144
248162
248180
248198
248216
248234
248251
248269
248287
248305
248323
248341
248359
248377
248394
248412
248430
248448
248466
248484
248502
248520
248537
248555
248573
248591
248609
248627
248645
248663
248680
248698
248716
248734
248752
248770
248788
248805
248823
248841
248859
248877
248895
248913
248931
248948
248966
248984
249002
249020
249038
249056
249074
249091
249109
249127
249145
249163
249181
249199
249216
249234
249252
249270
249288
249306
249324
249342
249359
249377
249395
249413
249431
249449
249467
249485
249502
249520
249538
249556
249574
249592
249610
249628
249645
249663
249681
249699
249717
249735
249753
249770
249788
249806
249824
249842
249860
249878
249896
249913
249931
249949
249967
249985
250027
250055
250083
250111
250139
250167
250195
250223
250251
250279
250307
250335
250363
250391
250419
250447
250475
250503
250531
250559
250587
250615
250643
250671
250699
250727
250755
250783
250811
250839
250867
250895
250923
250951
250979
251007
251035
251063
251091
251119
251147
251175
251203
251231
251259
251287
251315
251343
251371
251399
251427
251455
251483
251511
251539
251567
251595
251623
251651
251679
251707
251735
251763
251791
251819
251847
251875
251903
251931
251959
251987
252015
252043
252071
252099
252127
252155
252183
252211
252239
252267
252295
252323
252351
252379
252408
252436
252464
252492
252520
252548
252576
252604
252632
252660
252688
252716
252744
252772
252800
252828
252856
252884
252912
252940
252968
253018
253046
253075
253103
253131
253160
253188
253216
253245
253273
253301
253330
253358
253387
253415
253443
253472
253500
253528
253557
253585
253613
253642
253670
253698
253727
253755
253784
253812
253840
253869
253897
253925
253954
253982
254010
254039
254067
254096
254124
254152
254181
254209
254237
254266
254294
254322
254351
254379
254407
254436
254464
254493
254521
254549
254578
254606
254634
254663
254691
254719
254748
254776
254805
254833
254861
254890
254918
254946
254975
255003
255031
255060
255088
255116
255145
255173
255202
255230
255258
255287
255315
255343
255372
255400
255428
255457
255485
255514
255542
255570
255599
255627
255655
255684
255712
255740
255769
255797
255825
255854
255882
255911
255939
255967
255996
256024
256052
256081
256109
256137
256166
256194
256223
256251
256279
256308
256336
256364
256393
256421
256449
256478
256506
256534
256563
256591
256620
256648
256676
256705
256733
256761
256790
256818
256846
256875
256903
256932
256960
256988
257027
257064
257100
257137
257173
257210
257246
257283
257319
257356
257392
257429
257465
257502
257538
257575
257612
257648
257685
257721
257758
257794
257831
257867
257904
257940
257977
258013
258050
258086
258123
258159
258196
258233
258269
258306
258342
258379
258415
258452
258488
258525
258561
258598
258634
258671
258707
258744
258780
258817
258854
258890
258927
258963
259000
259036
259073
259109
259146
259182
259219
259255
259292
259328
259365
259401
259438
259475
259511
259548
259584
259621
259657
259694
259730
259767
259803
259840
259876
259913
259949
259986
260022
260059
260096
260132
260169
260205
260242
260278
260315
260351
260388
260424
260461
260497
260534
260570
260607
260643
260680
260717
260753
260790
260826
260863
260899
260936
260972
261009
261045
261082
261118
261155
261191
261228
261264
261301
261338
261374
261414
261437
261461
261484
261508
261531
261555
261578
261601
261625
261648
261672
261695
261719
261742
261766
261789
261812
261836
261859
261883
261906
261930
261953
261976
262000
262023
262047
262070
262094
262117
262141
262164
262187
262211
262234
262258
262281
262305
262328
262351
262375
262398
262422
262445
262469
262492
262516
262539
262562
262586
262609
262633
262656
262680
262703
262727
262750
262773
262797
262820
262844
262867
262891
262914
262937
262961
262984
263008
263031
263055
263078
263102
263125
263148
263172
263195
263219
263242
263266
263289
263312
263336
263359
263383
263406
263430
263453
263477
263500
263523
263547
263570
263594
263617
263641
263664
263687
263711
263734
263758
263781
263805
263828
263852
263875
263898
263922
263945
263969
263992
264016
264039
264063
264086
264109
264133
264156
264180
264203
264227
264250
264273
264305
264328
264352
264375
264398
264422
264445
264468
264492
264515
264538
264562
264585
264608
264632
264655
264678
264702
264725
264749
264772
264795
264819
264842
264865
264889
264912
264935
264959
264982
265005
265029
265052
265075
265099
265122
265145
265169
265192
265216
265239
265262
265286
265309
265332
265356
265379
265402
265426
265449
265472
265496
265519
265542
265566
265589
265613
265636
265659
265683
265706
265729
265753
265776
265799
265823
265846
265869
265893
265916
265939
265963
265986
266009
266033
266056
266080
266103
266126
266150
266173
266196
266220
266243
266266
266290
266313
266336
266360
266383
266406
266430
266453
266477
266500
266523
266547
266570
266593
266617
266640
266663
266687
266710
266733
266757
266780
266803
266827
266850
266873
266897
266920
266944
266967
266990
267014
267037
267060
267084
267114
267137
267159
267182
267204
267227
267249
267272
267294
267317
267339
267362
267385
267407
267430
267452
267475
267497
267520
267542
267565
267587
267610
267633
267655
267678
267700
267723
267745
267768
267790
267813
267835
267858
267881
267903
267926
267948
267971
267993
268016
268038
268061
268083
268106
268129
268151
268174
268196
268219
268241
268264
268286
268309
268331
268354
268376
268399
268422
268444
268467
268489
268512
268534
268557
268579
268602
268624
268647
268670
268692
268715
268737
268760
268782
268805
268827
268850
268872
268895
268918
268940
268963
268985
269008
269030
269053
269075
269098
269120
269143
269166
269188
269211
269233
269256
269278
269301
269323
269346
269368
269391
269413
269436
269459
269481
269504
269526
269549
269571
269594
269616
269639
269661
269684
269707
269729
269752
269774
269820
269847
269875
269902
269929
269957
269984
270011
270039
270066
270094
270121
270148
270176
270203
270230
270258
270285
270312
270340
270367
270395
270422
270449
270477
270504
270531
270559
270586
270614
270641
270668
270696
270723
270750
270778
270805
270832
270860
270887
270915
270942
270969
270997
271024
271051
271079
271106
271134
271161
271188
271216
271243
271270
271298
271325
271352
271380
271407
271435
271462
271489
271517
271544
271571
271599
271626
271654
271681
271708
271736
271763
271790
271818
271845
271872
271900
271927
271955
271982
272009
272037
272064
272091
272119
272146
272174
272201
272228
272256
272283
272310
272338
272365
272392
272420
272447
272475
272502
272529
272557
272584
272611
272639
272666
272694
272721
272748
272776
272803
272830
272858
272885
272912
272940
272967
272995
273022
273049
273077
273104
273131
273159
273186
273214
273241
273268
273296
273323
273350
273377
273391
273405
273419
273433
273447
273462
273476
273490
273504
273518
273532
273547
273561
273575
273589
273603
273617
273632
273646
273660
273674
273688
273702
273717
273731
273745
273759
273773
273787
273802
273816
273830
273844
273858
273872
273887
273901
273915
273929
273943
273957
273972
273986
274000
274014
274028
274042
274056
274071
274085
274099
274113
274127
274141
274156
274170
274184
274198
274212
274226
274241
274255
274269
274283
274297
274311
274326
274340
274354
274368
274382
274396
274411
274425
274439
274453
274467
274481
274496
274510
274524
274538
274552
274566
274581
274595
274609
274623
274637
274651
274666
274680
274694
274708
274722
274736
274750
274765
274779
274793
274807
274821
274835
274850
274864
274878
274892
274906
274920
274935
274949
274963
274977
274991
275005
275020
275034
275048
275062
275076
275106
275129
275151
275174
275196
275219
275241
275264
275286
275309
275331
275354
275376
275399
275421
275444
275467
275489
275512
275534
275557
275579
275602
275624
275647
275669
275692
275714
275737
275759
275782
275804
275827
275850
275872
275895
275917
275940
275962
275985
276007
276030
276052
276075
276097
276120
276142
276165
276187
276210
276233
276255
276278
276300
276323
276345
276368
276390
276413
276435
276458
276480
276503
276525
276548
276570
276593
276616
276638
276661
276683
276706
276728
276751
276773
276796
276818
276841
276863
276886
276908
276931
276954
276976
276999
277021
277044
277066
277089
277111
277134
277156
277179
277201
277224
277246
277269
277291
277314
277337
277359
277382
277404
277427
277449
277472
277494
277517
277539
277562
277584
277607
277629
277660
277687
277714
277741
277768
277795
277822
277849
277876
277903
277930
277957
277984
278011
278038
278065
278092
278119
278146
278173
278200
278227
278254
278281
278308
278335
278362
278389
278416
278443
278470
278497
278524
278551
278578
278605
278632
278659
278686
278713
278740
278767
278794
278821
278848
278875
278902
278929
278956
278983
279010
279037
279064
279091
279118
279145
279172
279199
279226
279253
279280
279307
279334
279361
279388
279415
279442
279469
279496
279523
279550
279577
279604
279631
279658
279685
279712
279739
279766
279793
279820
279847
279874
279901
279928
279955
279982
280009
280036
280063
280090
280117
280144
280171
280198
280225
280252
280279
280306
280333
280360
280387
280414
280441
280468
280495
280522
280549
280576
280603
280630
280657
280684
280711
280738
280765
280792
280819
280846
280873
280900
280927
280954
280981
281008
281050
281076
281102
281128
281154
281180
281206
281232
281258
281284
281310
281336
281362
281388
281414
281440
281466
281492
281517
281543
281569
281595
281621
281647
281673
281699
281725
281751
281777
281803
281829
281855
281881
281907
281933
281959
281985
282010
282036
282062
282088
282114
282140
282166
282192
282218
282244
282270
282296
282322
282348
282374
282400
282426
282452
282478
282503
282529
282555
282581
282607
282633
282659
282685
282711
282737
282763
282789
282815
282841
282867
282893
282919
282945
282971
282996
283022
283048
283074
283100
283126
283152
283178
283204
283230
283256
283282
283308
283334
283360
283386
283412
283438
283463
283489
283515
283541
283567
283593
283619
283645
283671
283697
283723
283749
283775
283801
283827
283853
283879
283905
283931
283956
283982
284008
284034
284060
284086
284112
284138
284164
284190
284216
284242
284268
284294
284320
284376
284408
284440
284472
284504
284536
284568
284600
284632
284664
284695
284727
284759
284791
284823
284855
284887
284919
284951
284983
285014
285046
285078
285110
285142
285174
285206
285238
285270
285302
285333
285365
285397
285429
285461
285493
285525
285557
285589
285621
285653
285684
285716
285748
285780
285812
285844
285876
285908
285940
285972
286003
286035
286067
286099
286131
286163
286195
286227
286259
286291
286322
286354
286386
286418
286450
286482
286514
286546
286578
286610
286641
286673
286705
286737
286769
286801
286833
286865
286897
286929
286961
286992
287024
287056
287088
287120
287152
287184
287216
287248
287280
287311
287343
287375
287407
287439
287471
287503
287535
287567
287599
287630
287662
287694
287726
287758
287790
287822
287854
287886
287918
287966
287997
288028
288059
288091
288122
288153
288184
288216
288247
288278
288309
288340
288372
288403
288434
288465
288497
288528
288559
288590
288621
288653
288684
288715
288746
288778
288809
288840
288871
288902
288934
288965
288996
289027
289059
289090
289121
289152
289183
289215
289246
289277
289308
289340
289371
289402
289433
289465
289496
289527
289558
289589
289621
289652
289683
289714
289746
289777
289808
289839
289870
289902
289933
289964
289995
290027
290058
290089
290120
290151
290183
290214
290245
290276
290308
290339
290370
290401
290432
290464
290495
290526
290557
290589
290620
290651
290682
290714
290745
290776
290807
290838
290870
290901
290932
290963
290995
291026
291057
291088
291119
291151
291182
291213
291244
291276
291307
291338
291369
291400
291432
291463
291494
291525
291557
291588
291636
291666
291696
291727
291757
291787
291818
291848
291878
291908
291939
291969
291999
292030
292060
292090
292120
292151
292181
292211
292242
292272
292302
292333
292363
292393
292423
292454
292484
292514
292545
292575
292605
292635
292666
292696
292726
292757
292787
292817
292848
292878
292908
292938
292969
292999
293029
293060
293090
293120
293150
293181
293211
293241
293272
293302
293332
293362
293393
293423
293453
293484
293514
293544
293575
293605
293635
293665
293696
293726
293756
293787
293817
293847
293877
293908
293938
293968
293999
294029
294059
294090
294120
294150
294180
294211
294241
294271
294302
294332
294362
294392
294423
294453
294483
294514
294544
294574
294604
294635
294665
294695
294726
294756
294786
294817
294847
294877
294907
294938
294968
294998
295029
295059
295089
295119
295150
295180
295216
295236
295257
295277
295297
295318
295338
295358
295379
295399
295420
295440
295460
295481
295501
295521
295542
295562
295582
295603
295623
295644
295664
295684
295705
295725
295745
295766
295786
295806
295827
295847
295868
295888
295908
295929
295949
295969
295990
296010
296030
296051
296071
296092
296112
296132
296153
296173
296193
296214
296234
296254
296275
296295
296316
296336
296356
296377
296397
296417
296438
296458
296478
296499
296519
296540
296560
296580
296601
296621
296641
296662
296682
296702
296723
296743
296764
296784
296804
296825
296845
296865
296886
296906
296926
296947
296967
296988
297008
297028
297049
297069
297089
297110
297130
297150
297171
297191
297212
297232
297252
297273
297293
297313
297334
297354
297375
297395
297415
297436
297456
297476
297523
297550
297577
297604
297631
297658
297685
297712
297739
297766
297793
297820
297847
297874
297901
297928
297955
297982
298009
298036
298063
298090
298117
298144
298171
298198
298225
298252
298279
298306
298333
298360
298387
298414
298441
298468
298495
298522
298549
298576
298603
298630
298657
298684
298711
298738
298765
298792
298819
298846
298873
298900
298927
298954
298981
299008
299035
299062
299089
299116
299143
299170
299197
299224
299251
299278
299305
299332
299359
299386
299413
299440
299467
299494
299521
299548
299575
299602
299629
299656
299683
299710
299737
299764
299791
299818
299845
299872
299899
299926
299953
299980
300007
300034
300061
300088
300115
300142
300169
300196
300223
300250
300277
300304
300331
300358
300385
300412
300439
300466
300493
300520
300547
300574
300601
300628
300655
300682
300709
300736
300763
300790
300817
300844
300871
300898
300925
300951
300978
301005
301032
301059
301086
301113
301140
301167
301194
301221
