0
20
38
57
75
93
112
130
149
167
185
204
222
240
259
277
296
314
332
351
369
387
406
424
443
461
479
498
516
534
553
571
590
608
626
645
663
681
700
718
737
755
773
792
810
829
847
865
884
902
920
939
957
976
994
1012
1031
1049
1067
1086
1104
1123
1141
1159
1178
1196
1214
1233
1251
1270
1288
1306
1325
1343
1361
1380
1398
1417
1435
1453
1472
1490
1509
1527
1545
1564
1582
1600
1619
1637
1656
1674
1692
1711
1729
1747
1766
1784
1803
1821
1839
1858
1876
1894
1913
1931
1950
1968
1986
2005
2023
2041
2060
2078
2097
2132
2151
2171
2190
2210
2229
2249
2268
2287
2307
2326
2346
2365
2385
2404
2423
2443
2462
2482
2501
2521
2540
2559
2579
2598
2618
2637
2657
2676
2696
2715
2734
2754
2773
2793
2812
2832
2851
2870
2890
2909
2929
2948
2968
2987
3006
3026
3045
3065
3084
3104
3123
3142
3162
3181
3201
3220
3240
3259
3279
3298
3317
3337
3356
3376
3395
3415
3434
3453
3473
3492
3512
3531
3551
3570
3589
3609
3628
3648
3667
3687
3706
3725
3745
3764
3784
3803
3823
3842
3862
3881
3900
3920
3939
3959
3978
3998
4017
4036
4056
4075
4095
4114
4134
4153
4172
4192
4211
4231
4250
4270
4289
4308
4328
4347
4367
4386
4406
4425
4445
4464
4483
4503
4522
4542
4561
4581
4600
4619
4639
4658
4678
4697
4717
4736
4755
4775
4794
4814
4833
4853
4872
4891
4911
4930
4950
4969
4989
5008
5028
5047
5066
5086
5105
5125
5144
5164
5183
5202
5221
5240
5259
5278
5297
5316
5335
5354
5373
5392
5411
5430
5449
5468
5487
5506
5525
5544
5563
5582
5601
5620
5639
5658
5677
5696
5715
5734
5753
5772
5791
5810
5829
5848
5867
5886
5905
5924
5943
5962
5981
6000
6019
6037
6056
6075
6094
6113
6132
6151
6170
6189
6208
6227
6246
6265
6284
6303
6322
6341
6360
6379
6398
6417
6436
6455
6474
6493
6512
6531
6550
6569
6588
6607
6626
6645
6664
6683
6702
6721
6740
6759
6778
6797
6816
6835
6853
6872
6891
6910
6929
6948
6967
6986
7005
7024
7055
7078
7101
7123
7146
7169
7191
7214
7237
7259
7282
7305
7327
7350
7373
7395
7418
7441
7463
7486
7509
7531
7554
7577
7599
7622
7645
7667
7690
7713
7735
7758
7781
7803
7826
7849
7871
7894
7917
7939
7962
7985
8008
8030
8053
8076
8098
8121
8144
8166
8189
8212
8234
8257
8280
8302
8325
8348
8370
8393
8416
8438
8461
8484
8506
8529
8552
8574
8597
8620
8642
8665
8688
8710
8733
8756
8778
8801
8824
8846
8869
8892
8914
8937
8960
8983
9005
9028
9051
9073
9096
9119
9141
9164
9187
9209
9232
9255
9277
9300
9323
9345
9368
9391
9426
9448
9470
9492
9514
9536
9558
9580
9602
9624
9646
9668
9690
9712
9734
9756
9778
9800
9822
9844
9866
9888
9910
9932
9954
9976
9998
10020
10042
10064
10086
10108
10130
10152
10174
10196
10218
10240
10262
10284
10306
10328
10350
10372
10394
10416
10438
10460
10482
10504
10526
10548
10570
10592
10614
10636
10658
10680
10702
10724
10746
10768
10790
10812
10834
10856
10878
10900
10922
10944
10966
10988
11010
11032
11054
11076
11098
11120
11142
11164
11186
11208
11230
11252
11274
11296
11318
11340
11362
11384
11406
11428
11450
11472
11494
11516
11538
11560
11582
11604
11626
11648
11670
11692
11714
11736
11758
11780
11802
11824
11846
11868
11890
11912
11934
11956
11979
12001
12023
12045
12067
12089
12111
12133
12155
12177
12199
12221
12243
12265
12287
12309
12331
12369
12394
12419
12445
12470
12495
12521
12546
12571
12596
12622
12647
12672
12698
12723
12748
12773
12799
12824
12849
12875
12900
12925
12950
12976
13001
13026
13052
13077
13102
13127
13153
13178
13203
13229
13254
13279
13304
13330
13355
13380
13406
13431
13456
13482
13507
13532
13557
13583
13608
13633
13659
13684
13709
13734
13760
13785
13810
13836
13861
13886
13911
13937
13962
13987
14013
14038
14063
14088
14114
14139
14164
14190
14215
14240
14265
14291
14316
14341
14367
14392
14417
14443
14468
14493
14518
14544
14569
14594
14620
14645
14670
14695
14721
14746
14771
14797
14822
14847
14872
14898
14923
14948
14974
14999
15024
15049
15075
15100
15125
15151
15176
15201
15226
15252
15277
15302
15328
15353
15378
15404
15429
15454
15479
15505
15530
15555
15581
15606
15631
15656
15682
15727
15749
15771
15793
15815
15837
15859
15881
15903
15925
15947
15969
15991
16013
16036
16058
16080
16102
16124
16146
16168
16190
16212
16234
16256
16278
16300
16322
16345
16367
16389
16411
16433
16455
16477
16499
16521
16543
16565
16587
16609
16631
16654
16676
16698
16720
16742
16764
16786
16808
16830
16852
16874
16896
16918
16940
16963
16985
17007
17029
17051
17073
17095
17117
17139
17161
17183
17205
17227
17249
17271
17294
17316
17338
17360
17382
17404
17426
17448
17470
17492
17514
17536
17558
17580
17603
17625
17647
17669
17691
17713
17735
17757
17779
17801
17823
17845
17867
17889
17912
17934
17956
17978
18000
18022
18044
18066
18088
18110
18132
18154
18176
18198
18221
18243
18265
18287
18309
18331
18353
18375
18397
18419
18441
18463
18485
18507
18529
18552
18574
18626
18658
18690
18721
18753
18785
18816
18848
18880
18911
18943
18975
19006
19038
19070
19101
19133
19165
19196
19228
19260
19291
19323
19355
19386
19418
19450
19481
19513
19545
19576
19608
19640
19671
19703
19735
19766
19798
19830
19861
19893
19925
19956
19988
20020
20052
20083
20115
20147
20178
20210
20242
20273
20305
20337
20368
20400
20432
20463
20495
20527
20558
20590
20622
20653
20685
20717
20748
20780
20812
20843
20875
20907
20938
20970
21002
21033
21065
21097
21128
21160
21192
21223
21255
21287
21318
21350
21382
21413
21445
21477
21509
21540
21572
21604
21635
21667
21699
21730
21762
21794
21825
21857
21889
21920
21953
21970
21987
22005
22022
22039
22057
22074
22091
22108
22126
22143
22160
22178
22195
22212
22229
22247
22264
22281
22299
22316
22333
22351
22368
22385
22402
22420
22437
22454
22472
22489
22506
22523
22541
22558
22575
22593
22610
22627
22645
22662
22679
22696
22714
22731
22748
22766
22783
22800
22817
22835
22852
22869
22887
22904
22921
22939
22956
22973
22990
23008
23025
23042
23060
23077
23094
23111
23129
23146
23163
23181
23198
23215
23233
23250
23267
23284
23302
23319
23336
23354
23371
23388
23405
23423
23440
23457
23475
23492
23509
23527
23544
23561
23578
23596
23613
23630
23648
23665
23682
23699
23717
23734
23751
23769
23786
23803
23821
23838
23855
23872
23890
23907
23924
23942
23959
23976
23993
24011
24028
24045
24063
24080
24097
24115
24132
24149
24166
24184
24201
24218
24236
24253
24270
24301
24317
24332
24348
24363
24379
24394
24410
24425
24441
24456
24472
24487
24503
24518
24534
24549
24565
24580
24596
24611
24627
24642
24658
24673
24689
24704
24720
24735
24751
24766
24782
24797
24813
24828
24844
24859
24875
24890
24906
24921
24937
24952
24968
24983
24999
25014
25030
25045
25061
25076
25092
25107
25123
25138
25154
25169
25185
25200
25216
25231
25247
25262
25278
25293
25309
25324
25340
25355
25371
25386
25402
25417
25433
25448
25464
25479
25495
25510
25526
25541
25557
25572
25588
25603
25619
25634
25650
25665
25681
25696
25712
25727
25743
25758
25774
25789
25805
25820
25836
25851
25867
25882
25898
25913
25929
25944
25960
25975
25991
26006
26022
26037
26053
26068
26084
26099
26115
26130
26146
26161
26177
26192
26208
26230
26244
26258
26272
26286
26299
26313
26327
26341
26355
26369
26382
26396
26410
26424
26438
26452
26465
26479
26493
26507
26521
26535
26548
26562
26576
26590
26604
26617
26631
26645
26659
26673
26687
26700
26714
26728
26742
26756
26770
26783
26797
26811
26825
26839
26853
26866
26880
26894
26908
26922
26936
26949
26963
26977
26991
27005
27018
27032
27046
27060
27074
27088
27101
27115
27129
27143
27157
27171
27184
27198
27212
27226
27240
27254
27267
27281
27295
27309
27323
27337
27350
27364
27378
27392
27406
27419
27433
27447
27461
27475
27489
27502
27516
27530
27544
27558
27572
27585
27599
27613
27627
27641
27655
27668
27682
27696
27710
27724
27738
27751
27765
27779
27793
27807
27820
27834
27848
27862
27876
27890
27903
27917
27931
27945
27959
27973
27986
28000
28014
28028
28042
28056
28080
28093
28106
28119
28132
28146
28159
28172
28185
28198
28212
28225
28238
28251
28264
28278
28291
28304
28317
28330
28343
28357
28370
28383
28396
28409
28423
28436
28449
28462
28475
28489
28502
28515
28528
28541
28554
28568
28581
28594
28607
28620
28634
28647
28660
28673
28686
28700
28713
28726
28739
28752
28765
28779
28792
28805
28818
28831
28845
28858
28871
28884
28897
28911
28924
28937
28950
28963
28976
28990
29003
29016
29029
29042
29056
29069
29082
29095
29108
29122
29135
29148
29161
29174
29187
29201
29214
29227
29240
29253
29267
29280
29293
29306
29319
29333
29346
29359
29372
29385
29398
29412
29425
29438
29451
29464
29478
29491
29504
29517
29531
29544
29557
29570
29583
29596
29609
29622
29635
29649
29662
29675
29688
29701
29714
29727
29740
29753
29766
29780
29793
29806
29819
29832
29845
29858
29871
29884
29898
29911
29924
29937
29950
29963
29976
29989
30002
30015
30029
30042
30055
30068
30081
30094
30107
30120
30133
30147
30160
30173
30186
30199
30212
30225
30238
30251
30264
30278
30291
30304
30317
30330
30343
30356
30369
30382
30396
30409
30422
30435
30448
30461
30474
30487
30500
30513
30527
30540
30553
30566
30579
30592
30605
30618
30631
30644
30658
30671
30684
30697
30710
30723
30736
30749
30762
30776
30789
30802
30815
30828
30841
30854
30867
30880
30893
30907
30920
30933
30946
30959
30972
30985
30998
31011
31025
31038
31051
31064
31077
31090
31103
31116
31129
31142
31156
31169
31182
31195
31208
31221
31234
31247
31260
31271
31282
31293
31304
31315
31326
31337
31348
31359
31370
31381
31392
31403
31414
31425
31436
31447
31459
31470
31481
31492
31503
31514
31525
31536
31547
31558
31569
31580
31591
31602
31613
31624
31635
31646
31657
31669
31680
31691
31702
31713
31724
31735
31746
31757
31768
31779
31790
31801
31812
31823
31834
31845
31856
31868
31879
31890
31901
31912
31923
31934
31945
31956
31967
31978
31989
32000
32011
32022
32033
32044
32055
32066
32078
32089
32100
32111
32122
32133
32144
32155
32166
32177
32188
32199
32210
32221
32232
32243
32254
32265
32276
32288
32299
32310
32321
32332
32343
32354
32365
32376
32387
32398
32409
32420
32431
32442
32453
32464
32475
32487
32498
32509
32520
32531
32542
32553
32570
32582
32594
32606
32618
32630
32642
32653
32665
32677
32689
32701
32713
32725
32736
32748
32760
32772
32784
32796
32808
32819
32831
32843
32855
32867
32879
32891
32902
32914
32926
32938
32950
32962
32974
32986
32997
33009
33021
33033
33045
33057
33069
33080
33092
33104
33116
33128
33140
33152
33163
33175
33187
33199
33211
33223
33235
33246
33258
33270
33282
33294
33306
33318
33330
33341
33353
33365
33377
33389
33401
33413
33424
33436
33448
33460
33472
33484
33496
33507
33519
33531
33543
33555
33567
33579
33590
33602
33614
33626
33638
33650
33662
33674
33685
33697
33709
33721
33733
33745
33757
33768
33780
33792
33804
33816
33828
33840
33851
33863
33875
33887
33899
33911
33923
33934
33946
33958
33970
33982
33994
34006
34017
34029
34041
34053
34065
34081
34093
34105
34117
34129
34141
34153
34165
34177
34189
34201
34214
34226
34238
34250
34262
34274
34286
34298
34310
34322
34334
34347
34359
34371
34383
34395
34407
34419
34431
34443
34455
34467
34480
34492
34504
34516
34528
34540
34552
34564
34576
34588
34600
34613
34625
34637
34649
34661
34673
34685
34697
34709
34721
34733
34746
34758
34770
34782
34794
34806
34818
34830
34842
34854
34866
34879
34891
34903
34915
34927
34939
34951
34963
34975
34987
34999
35012
35024
35036
35048
35060
35072
35084
35096
35108
35120
35132
35145
35157
35169
35181
35193
35205
35217
35231
35242
35254
35265
35276
35288
35299
35310
35322
35333
35344
35356
35367
35379
35390
35401
35413
35424
35435
35447
35458
35469
35481
35492
35504
35515
35526
35538
35549
35560
35572
35583
35594
35606
35617
35629
35640
35651
35663
35674
35685
35697
35708
35719
35731
35742
35754
35765
35776
35788
35799
35810
35822
35833
35844
35856
35867
35879
35890
35901
35913
35924
35935
35947
35958
35969
35981
35992
36004
36015
36026
36038
36049
36060
36072
36083
36094
36106
36117
36129
36140
36151
36163
36174
36185
36197
36208
36219
36231
36242
36254
36265
36276
36288
36299
36310
36322
36333
36344
36356
36367
36378
36390
36401
36413
36424
36435
36447
36458
36469
36481
36492
36503
36515
36526
36538
36549
36560
36572
36583
36594
36606
36617
36628
36640
36651
36663
36674
36685
36697
36708
36719
36731
36742
36753
36765
36776
36788
36799
36810
36832
36845
36857
36870
36883
36895
36908
36920
36933
36946
36958
36971
36983
36996
37009
37021
37034
37046
37059
37072
37084
37097
37109
37122
37135
37147
37160
37173
37185
37198
37210
37223
37236
37248
37261
37273
37286
37299
37311
37324
37336
37349
37362
37374
37387
37399
37412
37425
37437
37450
37463
37475
37488
37500
37513
37526
37538
37551
37563
37576
37589
37601
37614
37626
37639
37652
37664
37677
37689
37702
37715
37727
37740
37752
37765
37778
37790
37803
37816
37828
37841
37853
37866
37879
37892
37904
37916
37928
37940
37952
37964
37976
37988
38000
38012
38024
38036
38048
38060
38072
38084
38096
38108
38120
38132
38144
38155
38167
38179
38191
38203
38215
38227
38239
38251
38263
38275
38287
38299
38311
38323
38335
38347
38359
38371
38383
38395
38407
38419
38430
38442
38454
38466
38478
38490
38502
38514
38526
38538
38550
38562
38574
38586
38598
38610
38622
38634
38646
38658
38670
38682
38694
38705
38717
38729
38741
38753
38765
38777
38789
38801
38813
38825
38837
38849
38861
38873
38885
38897
38909
38921
38933
38945
38957
38968
38980
38992
39004
39016
39028
39040
39052
39064
39076
39088
39100
39112
39124
39136
39148
39160
39174
39187
39201
39214
39228
39241
39255
39268
39282
39295
39309
39322
39335
39349
39362
39376
39389
39403
39416
39430
39443
39457
39470
39484
39497
39510
39524
39537
39551
39564
39578
39591
39605
39618
39632
39645
39659
39672
39685
39699
39712
39726
39739
39753
39766
39780
39793
39807
39820
39834
39847
39860
39874
39887
39901
39914
39928
39941
39955
39968
39982
39995
40009
40022
40035
40049
40062
40076
40089
40103
40116
40130
40143
40157
40170
40183
40197
40210
40224
40237
40251
40264
40278
40291
40305
40318
40332
40345
40358
40372
40385
40399
40412
40426
40439
40453
40466
40480
40493
40507
40520
40533
40547
40560
40574
40587
40601
40614
40628
40641
40655
40668
40682
40695
40708
40722
40735
40749
40762
40776
40789
40803
40816
40830
40843
40857
40870
40897
40913
40928
40944
40960
40975
40991
41007
41022
41038
41054
41069
41085
41100
41116
41132
41147
41163
41179
41194
41210
41226
41241
41257
41273
41288
41304
41319
41335
41351
41366
41382
41398
41413
41429
41445
41460
41476
41492
41507
41523
41538
41554
41570
41585
41601
41617
41632
41648
41664
41679
41695
41711
41726
41742
41757
41773
41789
41804
41820
41836
41851
41867
41883
41898
41914
41930
41945
41961
41976
41992
42008
42023
42039
42055
42070
42086
42102
42117
42133
42149
42164
42180
42195
42211
42227
42242
42258
42274
42289
42305
42321
42336
42352
42368
42383
42399
42414
42430
42446
42461
42477
42493
42508
42524
42540
42555
42571
42586
42602
42618
42633
42649
42665
42680
42696
42712
42727
42743
42759
42774
42790
42805
42821
42837
42852
42868
42884
42899
42915
42931
42946
42962
42978
42993
43009
43024
43040
43056
43071
43087
43106
43120
43134
43148
43162
43176
43190
43204
43218
43232
43247
43261
43275
43289
43303
43317
43331
43345
43359
43373
43387
43402
43416
43430
43444
43458
43472
43486
43500
43514
43528
43542
43557
43571
43585
43599
43613
43627
43641
43655
43669
43683
43697
43712
43726
43740
43754
43768
43782
43796
43810
43824
43838
43852
43867
43881
43895
43909
43923
43937
43951
43965
43979
43993
44007
44022
44036
44050
44064
44078
44092
44106
44120
44134
44148
44162
44177
44191
44205
44219
44233
44247
44261
44275
44289
44303
44317
44332
44346
44360
44374
44388
44402
44416
44430
44444
44458
44472
44487
44501
44515
44529
44543
44557
44571
44585
44599
44613
44627
44642
44656
44670
44684
44698
44712
44726
44740
44754
44768
44782
44797
44811
44825
44839
44853
44875
44887
44899
44912
44924
44936
44948
44961
44973
44985
44997
45010
45022
45034
45046
45059
45071
45083
45095
45108
45120
45132
45144
45157
45169
45181
45193
45206
45218
45230
45242
45255
45267
45279
45291
45304
45316
45328
45340
45353
45365
45377
45389
45402
45414
45426
45438
45451
45463
45475
45487
45500
45512
45524
45536
45549
45561
45573
45585
45598
45610
45622
45634
45647
45659
45671
45683
45696
45708
45720
45732
45745
45757
45769
45781
45794
45806
45818
45830
45843
45855
45867
45879
45892
45904
45916
45928
45941
45953
45965
45977
45990
46002
46014
46026
46039
46051
46063
46075
46088
46100
46112
46124
46137
46149
46161
46173
46186
46198
46210
46222
46235
46247
46259
46271
46284
46296
46308
46320
46333
46345
46357
46369
46382
46394
46419
46435
46452
46468
46484
46501
46517
46533
46550
46566
46583
46599
46615
46632
46648
46664
46681
46697
46714
46730
46746
46763
46779
46795
46812
46828
46845
46861
46877
46894
46910
46926
46943
46959
46976
46992
47008
47025
47041
47057
47074
47090
47106
47123
47139
47156
47172
47188
47205
47221
47237
47254
47270
47287
47303
47319
47336
47352
47368
47385
47401
47418
47434
47450
47467
47483
47499
47516
47532
47549
47565
47581
47598
47614
47630
47647
47663
47679
47711
47729
47747
47765
47783
47802
47820
47838
47856
47874
47893
47911
47929
47947
47965
47984
48002
48020
48038
48056
48074
48093
48111
48129
48147
48165
48184
48202
48220
48238
48256
48275
48293
48311
48329
48347
48365
48384
48402
48420
48438
48456
48475
48493
48511
48529
48547
48566
48584
48602
48620
48638
48656
48675
48693
48711
48729
48747
48766
48784
48802
48820
48838
48857
48875
48893
48911
48929
48947
48966
48984
49002
49020
49038
49057
49075
49093
49111
49129
49148
49166
49184
49202
49220
49238
49257
49275
49293
49311
49329
49348
49366
49384
49402
49420
49439
49457
49475
49493
49511
49529
49548
49566
49584
49602
49620
49639
49657
49675
49693
49711
49730
49748
49766
49784
49802
49820
49839
49857
49875
49893
49911
49930
49948
49966
49984
50002
50021
50039
50057
50075
50093
50112
50130
50148
50166
50184
50202
50221
50239
50282
50311
50340
50369
50398
50428
50457
50486
50515
50544
50573
50603
50632
50661
50690
50719
50748
50778
50807
50836
50865
50894
50923
50953
50982
51011
51040
51069
51098
51128
51157
51186
51215
51244
51273
51303
51332
51361
51390
51419
51449
51478
51507
51536
51565
51594
51624
51653
51682
51711
51740
51769
51799
51828
51857
51886
51915
51944
51974
52003
52032
52061
52090
52119
52149
52178
52207
52236
52265
52294
52324
52353
52382
52411
52440
52469
52499
52528
52557
52586
52615
52645
52674
52703
52732
52761
52790
52820
52849
52878
52907
52936
52965
52995
53024
53053
53082
53111
53140
53170
53199
53228
53257
53286
53315
53345
53374
53403
53432
53461
53490
53520
53549
53578
53607
53636
53665
53695
53724
53753
53782
53811
53841
53870
53899
53928
53957
53986
54016
54045
54074
54103
54132
54161
54204
54224
54244
54264
54284
54305
54325
54345
54365
54385
54405
54426
54446
54466
54486
54506
54527
54547
54567
54587
54607
54627
54648
54668
54688
54708
54728
54749
54769
54789
54809
54829
54849
54870
54890
54910
54930
54950
54971
54991
55011
55031
55051
55071
55092
55112
55132
55152
55172
55192
55213
55233
55253
55273
55293
55314
55334
55354
55374
55394
55414
55435
55455
55475
55495
55515
55536
55556
55576
55596
55616
55636
55657
55677
55697
55717
55737
55758
55778
55798
55818
55838
55858
55879
55899
55919
55939
55959
55979
56000
56020
56040
56060
56080
56101
56121
56141
56161
56181
56201
56222
56242
56262
56282
56302
56323
56343
56363
56383
56403
56423
56444
56476
56499
56522
56545
56568
56590
56613
56636
56659
56682
56705
56727
56750
56773
56796
56819
56842
56864
56887
56910
56933
56956
56979
57001
57024
57047
57070
57093
57116
57138
57161
57184
57207
57230
57252
57275
57298
57321
57344
57367
57389
57412
57435
57458
57481
57504
57526
57549
57572
57595
57618
57641
57663
57686
57709
57732
57755
57778
57800
57823
57846
57869
57892
57914
57937
57960
57983
58006
58029
58051
58074
58097
58120
58143
58166
58188
58211
58234
58257
58280
58303
58325
58348
58371
58394
58417
58440
58462
58485
58508
58531
58554
58577
58599
58622
58645
58668
58691
58713
58736
58759
58782
58805
58828
58850
58871
58888
58906
58923
58940
58958
58975
58992
59010
59027
59045
59062
59079
59097
59114
59131
59149
59166
59184
59201
59218
59236
59253
59270
59288
59305
59323
59340
59357
59375
59392
59409
59427
59444
59462
59479
59496
59514
59531
59548
59566
59583
59601
59618
59635
59653
59670
59687
59705
59722
59740
59757
59774
59792
59809
59826
59844
59861
59879
59896
59913
59931
59948
59965
59983
60000
60018
60035
60052
60070
60087
60104
60122
60139
60157
60174
60191
60209
60226
60243
60261
60278
60295
60313
60330
60348
60365
60382
60400
60417
60434
60452
60469
60487
60504
60521
60539
60556
60573
60591
60608
60626
60643
60660
60678
60695
60712
60730
60747
60765
60782
60799
60817
60834
60851
60869
60886
60904
60921
60938
60956
60973
60990
61008
61025
61043
61060
61094
61114
61133
61153
61173
61192
61212
61231
61251
61271
61290
61310
61329
61349
61369
61388
61408
61427
61447
61467
61486
61506
61525
61545
61565
61584
61604
61623
61643
61663
61682
61702
61721
61741
61761
61780
61800
61819
61839
61859
61878
61898
61917
61937
61957
61976
61996
62015
62035
62055
62074
62094
62113
62133
62153
62172
62192
62211
62231
62251
62270
62290
62309
62329
62349
62368
62388
62407
62427
62447
62466
62486
62505
62525
62545
62564
62584
62603
62623
62643
62662
62682
62701
62721
62741
62760
62780
62799
62819
62839
62858
62878
62897
62917
62937
62956
62976
62995
63015
63035
63054
63074
63093
63113
63133
63152
63172
63191
63211
63231
63250
63270
63289
63309
63329
63348
63368
63387
63407
63449
63472
63495
63518
63541
63565
63588
63611
63634
63657
63681
63704
63727
63750
63773
63797
63820
63843
63866
63889
63912
63936
63959
63982
64005
64028
64052
64075
64098
64121
64144
64168
64191
64214
64237
64260
64283
64307
64330
64353
64376
64399
64423
64446
64469
64492
64515
64539
64562
64585
64608
64631
64654
64678
64701
64724
64747
64770
64794
64817
64840
64863
64886
64910
64933
64956
64979
65002
65025
65049
65072
65095
65118
65141
65165
65188
65211
65234
65257
65281
65304
65327
65350
65373
65396
65420
65443
65466
65489
65512
65536
65559
65582
65605
65628
65652
65675
65698
65721
65744
65767
65791
65814
65837
65860
65883
65907
65930
65953
65976
65999
66023
66046
66069
66092
66115
66138
66162
66185
66208
66231
66254
66278
66301
66324
66347
66370
66394
66417
66440
66463
66486
66509
66533
66556
66579
66602
66625
66649
66672
66695
66718
66741
66765
66788
66827
66858
66889
66921
66952
66983
67014
67046
67077
67108
67139
67171
67202
67233
67264
67296
67327
67358
67390
67421
67452
67483
67515
67546
67577
67608
67640
67671
67702
67733
67765
67796
67827
67859
67890
67921
67952
67984
68015
68046
68077
68109
68140
68171
68202
68234
68265
68296
68327
68359
68390
68421
68453
68484
68515
68546
68578
68609
68640
68671
68703
68734
68765
68796
68828
68859
68890
68922
68953
68984
69015
69047
69078
69109
69140
69172
69203
69234
69265
69297
69328
69359
69390
69422
69453
69484
69516
69547
69578
69609
69641
69672
69703
69734
69766
69797
69828
69859
69891
69922
69953
69985
70016
70047
70078
70110
70141
70172
70203
70235
70266
70297
70328
70360
70391
70422
70453
70485
70501
70515
70530
70544
70558
70573
70587
70601
70616
70630
70645
70659
70673
70688
70702
70716
70731
70745
70760
70774
70788
70803
70817
70831
70846
70860
70875
70889
70903
70918
70932
70946
70961
70975
70989
71004
71018
71033
71047
71061
71076
71090
71104
71119
71133
71148
71162
71176
71191
71205
71219
71234
71248
71263
71277
71291
71306
71320
71334
71349
71363
71377
71392
71406
71421
71435
71449
71464
71478
71492
71507
71521
71536
71550
71564
71579
71593
71607
71622
71636
71651
71665
71679
71694
71708
71722
71737
71751
71766
71780
71794
71809
71823
71837
71852
71866
71880
71895
71909
71924
71938
71952
71967
71981
71995
72010
72024
72039
72053
72067
72082
72096
72110
72125
72139
72154
72168
72182
72197
72211
72225
72244
72261
72277
72294
72311
72327
72344
72361
72377
72394
72411
72427
72444
72460
72477
72494
72510
72527
72544
72560
72577
72594
72610
72627
72644
72660
72677
72693
72710
72727
72743
72760
72777
72793
72810
72827
72843
72860
72876
72893
72910
72926
72943
72960
72976
72993
73010
73026
73043
73060
73076
73093
73109
73126
73143
73159
73176
73193
73209
73226
73243
73259
73276
73292
73309
73326
73342
73359
73376
73392
73409
73426
73442
73459
73476
73492
73509
73525
73542
73559
73575
73592
73609
73625
73642
73659
73675
73692
73708
73725
73742
73758
73775
73792
73808
73825
73842
73858
73875
73892
73908
73925
73941
73958
73975
73991
74008
74025
74041
74058
74075
74091
74108
74124
74141
74158
74174
74191
74208
74224
74241
74258
74274
74291
74308
74346
74374
74403
74431
74459
74488
74516
74545
74573
74601
74630
74658
74687
74715
74743
74772
74800
74829
74857
74885
74914
74942
74970
74999
75027
75056
75084
75112
75141
75169
75198
75226
75254
75283
75311
75340
75368
75396
75425
75453
75482
75510
75538
75567
75595
75623
75652
75680
75709
75737
75765
75794
75822
75851
75879
75907
75936
75964
75993
76021
76049
76078
76106
76135
76163
76191
76220
76248
76276
76305
76333
76362
76390
76418
76447
76475
76504
76532
76560
76589
76617
76646
76674
76702
76731
76759
76788
76816
76844
76873
76901
76929
76958
76986
77015
77043
77071
77100
77128
77157
77185
77213
77242
77270
77299
77327
77355
77384
77412
77441
77469
77497
77526
77554
77582
77611
77639
77668
77696
77724
77762
77786
77809
77833
77857
77880
77904
77928
77951
77975
77998
78022
78046
78069
78093
78117
78140
78164
78188
78211
78235
78258
78282
78306
78329
78353
78377
78400
78424
78448
78471
78495
78518
78542
78566
78589
78613
78637
78660
78684
78708
78731
78755
78778
78802
78826
78849
78873
78897
78920
78944
78968
78991
79015
79038
79062
79086
79109
79133
79157
79180
79204
79227
79251
79275
79298
79322
79346
79369
79393
79417
79440
79464
79487
79511
79535
79558
79582
79606
79629
79653
79677
79700
79724
79747
79771
79795
79818
79842
79866
79889
79913
79937
79960
79984
80007
80031
80055
80078
80102
80126
80149
80173
80197
80220
80244
80267
80291
80315
80338
80362
80386
80409
80433
80457
80480
80504
80527
80551
80575
80598
80622
80646
80669
80693
80716
80740
80764
80788
80807
80826
80845
80864
80883
80902
80921
80940
80959
80978
80997
81016
81035
81054
81073
81092
81111
81130
81149
81168
81187
81206
81225
81244
81263
81282
81301
81320
81340
81359
81378
81397
81416
81435
81454
81473
81492
81511
81530
81549
81568
81587
81606
81625
81644
81663
81682
81701
81720
81739
81758
81777
81796
81815
81834
81853
81872
81892
81911
81930
81949
81968
81987
82006
82025
82044
82063
82082
82101
82120
82139
82158
82177
82196
82215
82234
82253
82272
82291
82310
82329
82348
82367
82386
82405
82424
82443
82463
82482
82501
82520
82539
82558
82577
82596
82615
82634
82653
82672
82691
82710
82729
82748
82767
82786
82805
82841
82863
82885
82908
82930
82952
82975
82997
83019
83042
83064
83086
83109
83131
83153
83176
83198
83220
83243
83265
83287
83310
83332
83354
83377
83399
83421
83444
83466
83488
83511
83533
83555
83578
83600
83622
83645
83667
83689
83712
83734
83756
83779
83801
83823
83846
83868
83890
83913
83935
83957
83980
84002
84024
84047
84069
84091
84114
84136
84158
84181
84203
84225
84248
84270
84292
84315
84337
84359
84382
84404
84426
84449
84471
84493
84516
84538
84560
84583
84605
84627
84650
84672
84694
84717
84739
84761
84784
84806
84828
84851
84873
84895
84918
84940
84962
84985
85007
85029
85052
85074
85096
85119
85141
85163
85186
85208
85230
85253
85275
85297
85320
85342
85364
85387
85409
85431
85454
85476
85498
85521
85543
85565
85588
85610
85632
85655
85677
85699
85722
85744
85766
85789
85811
85833
85856
85878
85900
85923
85945
85967
85990
86021
86043
86064
86086
86107
86129
86150
86172
86193
86215
86236
86258
86279
86301
86322
86344
86365
86387
86408
86430
86451
86473
86494
86516
86537
86559
86580
86602
86623
86645
86666
86688
86709
86731
86752
86774
86795
86817
86838
86860
86881
86903
86924
86946
86967
86989
87010
87032
87053
87075
87096
87118
87139
87161
87182
87204
87225
87247
87268
87290
87311
87333
87354
87376
87397
87419
87440
87462
87483
87505
87526
87548
87569
87591
87612
87634
87655
87677
87698
87720
87741
87763
87784
87806
87827
87849
87870
87892
87913
87935
87956
87978
87999
88021
88042
88064
88085
88107
88128
88150
88171
88193
88214
88236
88257
88279
88300
88322
88343
88365
88386
88408
88429
88451
88472
88494
88515
88537
88558
88580
88601
88623
88648
88665
88683
88700
88717
88735
88752
88769
88787
88804
88821
88839
88856
88874
88891
88908
88926
88943
88960
88978
88995
89012
89030
89047
89065
89082
89099
89117
89134
89151
89169
89186
89203
89221
89238
89255
89273
89290
89308
89325
89342
89360
89377
89394
89412
89429
89446
89464
89481
89499
89516
89533
89551
89568
89585
89603
89620
89637
89655
89672
89690
89707
89724
89742
89759
89776
89794
89811
89828
89846
89863
89880
89898
89915
89933
89950
89967
89985
90002
90019
90037
90054
90071
90089
90106
90124
90141
90158
90176
90193
90210
90228
90245
90262
90280
90297
90314
90332
90349
90367
90384
90401
90419
90436
90453
90471
90488
90505
90523
90540
90558
90575
90592
90610
90627
90644
90662
90679
90696
90714
90731
90749
90766
90783
90806
90822
90838
90854
90870
90886
90902
90918
90933
90949
90965
90981
90997
91013
91029
91045
91060
91076
91092
91108
91124
91140
91156
91172
91187
91203
91219
91235
91251
91267
91283
91299
91314
91330
91346
91362
91378
91394
91410
91426
91441
91457
91473
91489
91505
91521
91537
91553
91568
91584
91600
91616
91632
91648
91664
91680
91695
91711
91727
91743
91759
91775
91791
91807
91822
91838
91854
91870
91886
91902
91918
91934
91949
91965
91981
91997
92013
92029
92045
92061
92076
92092
92108
92124
92140
92156
92172
92188
92203
92219
92235
92251
92267
92283
92299
92315
92330
92346
92362
92378
92394
92410
92426
92442
92457
92473
92489
92505
92521
92537
92553
92569
92584
92600
92616
92632
92648
92664
92680
92696
92711
92727
92745
92758
92771
92784
92797
92811
92824
92837
92850
92863
92877
92890
92903
92916
92929
92943
92956
92969
92982
92995
93009
93022
93035
93048
93061
93075
93088
93101
93114
93127
93141
93154
93167
93180
93193
93207
93220
93233
93246
93259
93273
93286
93299
93312
93325
93339
93352
93365
93378
93391
93405
93418
93431
93444
93457
93471
93484
93497
93510
93523
93536
93550
93563
93576
93589
93602
93616
93629
93642
93655
93668
93682
93695
93708
93721
93734
93748
93761
93774
93787
93800
93814
93827
93840
93853
93866
93880
93893
93906
93919
93932
93946
93959
93972
93985
93998
94012
94025
94038
94051
94064
94078
94091
94104
94117
94130
94144
94157
94170
94183
94196
94210
94223
94236
94249
94262
94276
94289
94302
94315
94328
94341
94363
94375
94387
94399
94411
94423
94435
94447
94459
94471
94483
94495
94507
94519
94531
94543
94554
94566
94578
94590
94602
94614
94626
94638
94650
94662
94674
94686
94698
94710
94722
94734
94745
94757
94769
94781
94793
94805
94817
94829
94841
94853
94865
94877
94889
94901
94913
94925
94936
94948
94960
94972
94984
94996
95008
95020
95032
95044
95056
95068
95080
95092
95104
95116
95127
95139
95151
95163
95175
95187
95199
95211
95223
95235
95247
95259
95271
95283
95295
95307
95319
95330
95342
95354
95366
95378
95390
95402
95414
95426
95438
95450
95462
95474
95486
95498
95510
95521
95533
95545
95557
95569
95581
95593
95605
95617
95629
95641
95653
95665
95677
95689
95701
95712
95724
95736
95748
95760
95772
95784
95796
95808
95820
95832
95844
95856
95868
95880
95892
95903
95915
95927
95939
95951
95977
95992
96006
96021
96035
96050
96064
96079
96094
96108
96123
96137
96152
96166
96181
96196
96210
96225
96239
96254
96268
96283
96298
96312
96327
96341
96356
96370
96385
96400
96414
96429
96443
96458
96472
96487
96502
96516
96531
96545
96560
96574
96589
96604
96618
96633
96647
96662
96676
96691
96706
96720
96735
96749
96764
96778
96793
96808
96822
96837
96851
96866
96880
96895
96910
96924
96939
96953
96968
96982
96997
97012
97026
97041
97055
97070
97084
97099
97114
97128
97143
97157
97172
97186
97201
97216
97230
97245
97259
97274
97288
97303
97318
97332
97347
97361
97376
97390
97405
97420
97434
97449
97463
97478
97492
97507
97522
97536
97551
97565
97580
97594
97609
97624
97638
97653
97667
97682
97696
97711
97726
97740
97757
97772
97786
97801
97815
97830
97845
97859
97874
97888
97903
97918
97932
97947
97961
97976
97990
98005
98020
98034
98049
98063
98078
98093
98107
98122
98136
98151
98166
98180
98195
98209
98224
98238
98253
98268
98282
98297
98311
98326
98341
98355
98370
98384
98399
98414
98428
98443
98457
98472
98486
98501
98516
98530
98545
98559
98574
98589
98603
98618
98632
98647
98662
98676
98691
98705
98720
98734
98749
98764
98778
98793
98807
98822
98837
98851
98866
98880
98895
98910
98924
98939
98953
98968
98982
98997
99012
99026
99041
99055
99070
99085
99099
99114
99128
99143
99158
99172
99187
99201
99216
99230
99245
99260
99274
99289
99303
99318
99333
99347
99362
99376
99391
99406
99433
99452
99471
99490
99509
99528
99547
99566
99585
99604
99623
99642
99661
99680
99699
99718
99737
99756
99775
99795
99814
99833
99852
99871
99890
99909
99928
99947
99966
99985
100004
100023
100042
100061
100080
100099
100118
100137
100156
100176
100195
100214
100233
100252
100271
100290
100309
100328
100347
100366
100385
100404
100423
100442
100461
100480
100499
100518
100537
100557
100576
100595
100614
100633
100652
100671
100690
100709
100728
100747
100766
100785
100804
100823
100842
100861
100880
100899
100919
100938
100957
100976
100995
101014
101033
101052
101071
101090
101109
101128
101147
101166
101185
101204
101223
101242
101261
101280
101300
101319
101338
101357
101376
101395
101414
101433
101452
101471
101490
101509
101528
101547
101566
101585
101604
101623
101642
101661
101681
101700
101719
101738
101757
101776
101795
101814
101852
101880
101908
101936
101964
101992
102020
102048
102076
102105
102133
102161
102189
102217
102245
102273
102301
102329
102358
102386
102414
102442
102470
102498
102526
102554
102582
102610
102639
102667
102695
102723
102751
102779
102807
102835
102863
102892
102920
102948
102976
103004
103032
103060
103088
103116
103144
103173
103201
103229
103257
103285
103313
103341
103369
103397
103426
103454
103482
103510
103538
103566
103594
103622
103650
103679
103707
103735
103763
103791
103819
103847
103875
103903
103931
103960
103988
104016
104044
104072
104100
104128
104156
104184
104213
104241
104269
104297
104325
104353
104381
104409
104437
104465
104494
104522
104550
104578
104606
104634
104662
104690
104718
104747
104775
104803
104831
104859
104887
104915
104943
104971
105000
105028
105056
105084
105112
105140
105168
105196
105224
105252
105281
105309
105337
105365
105393
105443
105472
105501
105529
105558
105587
105616
105644
105673
105702
105730
105759
105788
105817
105845
105874
105903
105932
105960
105989
106018
106046
106075
106104
106133
106161
106190
106219
106248
106276
106305
106334
106362
106391
106420
106449
106477
106506
106535
106564
106592
106621
106650
106678
106707
106736
106765
106793
106822
106851
106879
106908
106937
106966
106994
107023
107052
107081
107109
107138
107167
107195
107224
107253
107282
107310
107339
107368
107397
107425
107454
107483
107511
107540
107569
107598
107626
107655
107684
107713
107741
107770
107799
107827
107856
107885
107914
107942
107971
108000
108028
108057
108086
108115
108143
108172
108201
108230
108258
108287
108316
108344
108373
108402
108431
108459
108488
108517
108546
108574
108603
108632
108660
108701
108738
108774
108811
108848
108884
108921
108958
108994
109031
109068
109104
109141
109178
109214
109251
109288
109324
109361
109398
109434
109471
109508
109544
109581
109618
109654
109691
109728
109764
109801
109838
109874
109911
109948
109984
110021
110057
110094
110131
110167
110204
110241
110277
110314
110351
110387
110424
110461
110497
110534
110571
110607
110644
110681
110717
110754
110791
110827
110864
110901
110937
110974
111011
111047
111084
111121
111157
111194
111231
111267
111304
111340
111377
111414
111450
111487
111524
111560
111597
111634
111670
111707
111744
111780
111817
111854
111890
111927
111964
112000
112037
112074
112110
112147
112184
112220
112257
112294
112330
112367
112404
112440
112477
112514
112550
112587
112623
112660
112697
112733
112770
112807
112843
112880
112917
112953
112990
113027
113060
113086
113111
113137
113162
113188
113213
113239
113265
113290
113316
113341
113367
113392
113418
113444
113469
113495
113520
113546
113571
113597
113623
113648
113674
113699
113725
113750
113776
113802
113827
113853
113878
113904
113929
113955
113981
114006
114032
114057
114083
114108
114134
114159
114185
114211
114236
114262
114287
114313
114338
114364
114390
114415
114441
114466
114492
114517
114543
114569
114594
114620
114645
114671
114696
114722
114748
114773
114799
114824
114850
114875
114901
114927
114952
114978
115003
115029
115054
115080
115105
115131
115157
115182
115208
115233
115259
115284
115310
115336
115361
115387
115412
115438
115463
115489
115515
115540
115566
115591
115617
115642
115668
115694
115719
115745
115770
115796
115821
115847
115873
115898
115924
115949
115975
116000
116026
116051
116077
116111
116138
116165
116192
116219
116246
116273
116300
116327
116354
116381
116408
116435
116462
116489
116515
116542
116569
116596
116623
116650
116677
116704
116731
116758
116785
116812
116839
116866
116893
116920
116946
116973
117000
117027
117054
117081
117108
117135
117162
117189
117216
117243
117270
117297
117324
117351
117377
117404
117431
117458
117485
117512
117539
117566
117593
117620
117647
117674
117701
117728
117755
117782
117808
117835
117862
117889
117916
117943
117970
117997
118024
118051
118078
118105
118132
118159
118186
118213
118239
118266
118293
118320
118347
118374
118401
118428
118455
118482
118509
118536
118563
118590
118617
118644
118670
118697
118724
118751
118778
118805
118832
118859
118886
118913
118940
118967
118994
119021
119048
119075
119125
119156
119186
119217
119248
119278
119309
119339
119370
119401
119431
119462
119492
119523
119554
119584
119615
119646
119676
119707
119737
119768
119799
119829
119860
119890
119921
119952
119982
120013
120043
120074
120105
120135
120166
120197
120227
120258
120288
120319
120350
120380
120411
120441
120472
120503
120533
120564
120595
120625
120656
120686
120717
120748
120778
120809
120839
120870
120901
120931
120962
120992
121023
121054
121084
121115
121146
121176
121207
121237
121268
121299
121329
121360
121390
121421
121452
121482
121513
121543
121574
121605
121635
121666
121697
121727
121758
121788
121819
121850
121880
121911
121941
121972
122003
122033
122064
122095
122125
122156
122186
122217
122248
122278
122309
122339
122370
122401
122431
122462
122492
122523
122554
122584
122615
122646
122676
122707
122737
122768
122799
122829
122860
122890
122921
122952
122982
123013
123043
123074
123105
123135
123166
123197
123227
123258
123288
123350
123384
123419
123453
123488
123522
123556
123591
123625
123660
123694
123728
123763
123797
123832
123866
123900
123935
123969
124004
124038
124072
124107
124141
124176
124210
124244
124279
124313
124348
124382
124416
124451
124485
124520
124554
124588
124623
124657
124692
124726
124760
124795
124829
124864
124898
124932
124967
125001
125036
125070
125104
125139
125173
125208
125242
125276
125311
125345
125380
125414
125448
125483
125517
125552
125586
125620
125655
125689
125724
125758
125792
125827
125861
125896
125930
125964
125999
126033
126068
126102
126136
126171
126205
126240
126274
126308
126343
126377
126412
126446
126480
126515
126549
126584
126618
126652
126687
126721
126756
126790
126824
126859
126893
126928
126962
126996
127031
127065
127100
127134
127168
127203
127237
127272
127306
127340
127375
127409
127444
127500
127534
127568
127602
127636
127670
127704
127738
127772
127806
127840
127874
127908
127942
127976
128010
128044
128078
128112
128146
128180
128214
128248
128282
128316
128349
128383
128417
128451
128485
128519
128553
128587
128621
128655
128689
128723
128757
128791
128825
128859
128893
128927
128961
128995
129029
129063
129097
129131
129165
129199
129232
129266
129300
129334
129368
129402
129436
129470
129504
129538
129572
129606
129640
129674
129708
129742
129776
129810
129844
129878
129912
129946
129980
130014
130048
130081
130115
130149
130183
130217
130251
130285
130319
130353
130387
130421
130455
130489
130523
130557
130591
130625
130659
130687
130707
130726
130746
130766
130785
130805
130825
130844
130864
130883
130903
130923
130942
130962
130982
131001
131021
131040
131060
131080
131099
131119
131139
131158
131178
131197
131217
131237
131256
131276
131296
131315
131335
131354
131374
131394
131413
131433
131453
131472
131492
131511
131553
131578
131603
131629
131654
131679
131704
131730
131755
131780
131805
131831
131856
131881
131906
131932
131957
131982
132007
132033
132058
132083
132108
132134
132159
132184
132209
132235
132260
132285
132310
132336
132361
132386
132411
132437
132462
132487
132512
132538
132563
132588
132613
132639
132664
132689
132714
132740
132765
132790
132815
132841
132866
132891
132916
132942
132967
132992
133017
133043
133068
133093
133118
133144
133169
133194
133219
133245
133270
133295
133320
133346
133371
133396
133421
133447
133472
133497
133522
133548
133573
133598
133623
133649
133674
133699
133724
133750
133775
133800
133825
133851
133876
133901
133926
133952
133977
134002
134028
134053
134078
134103
134129
134154
134179
134204
134230
134255
134280
134305
134331
134356
134381
134406
134432
134457
134482
134507
134533
134558
134583
134608
134634
134659
134684
134709
134735
134760
134785
134810
134836
134861
134886
134911
134937
134962
134987
135012
135038
135063
135088
135113
135139
135164
135189
135214
135240
135265
135290
135315
135341
135366
135391
135416
135442
135467
135492
135517
135543
135591
135614
135638
135661
135685
135708
135732
135755
135779
135802
135826
135849
135873
135896
135920
135943
135967
135990
136014
136037
136061
136084
136108
136131
136154
136178
136201
136225
136248
136272
136295
136319
136342
136366
136389
136413
136436
136460
136483
136507
136530
136554
136577
136601
136624
136648
136671
136694
136718
136741
136765
136788
136812
136835
136859
136882
136906
136929
136953
136976
137000
137023
137047
137070
137094
137117
137141
137164
137188
137211
137235
137258
137281
137305
137328
137352
137375
137399
137422
137446
137469
137493
137516
137540
137563
137587
137610
137634
137657
137681
137704
137728
137751
137775
137798
137821
137845
137868
137892
137915
137939
137962
137986
138009
138033
138056
138080
138103
138127
138150
138174
138197
138221
138244
138268
138291
138315
138338
138362
138398
138428
138458
138489
138519
138549
138579
138610
138640
138670
138700
138731
138761
138791
138821
138852
138882
138912
138942
138973
139003
139033
139063
139094
139124
139154
139184
139215
139245
139275
139305
139336
139366
139396
139426
139457
139487
139517
139547
139578
139608
139638
139668
139699
139729
139759
139789
139820
139850
139880
139910
139941
139971
140001
140031
140062
140092
140122
140152
140183
140213
140243
140273
140304
140334
140364
140394
140425
140455
140485
140515
140546
140576
140606
140636
140667
140697
140727
140757
140788
140818
140848
140878
140909
140939
140969
140999
141030
141060
141090
141120
141151
141181
141211
141241
141272
141302
141332
141362
141393
141423
141453
141483
141514
141544
141574
141604
141635
141665
141695
141725
141756
141786
141816
141846
141877
141907
141937
141967
141998
142028
142058
142088
142119
142149
142204
142230
142255
142281
142306
142332
142357
142383
142408
142434
142459
142485
142510
142536
142561
142587
142612
142638
142663
142689
142714
142740
142765
142791
142816
142842
142867
142893
142918
142944
142969
142995
143020
143046
143071
143097
143122
143148
143173
143199
143224
143250
143275
143301
143326
143361
143393
143426
143458
143491
143523
143556
143588
143621
143653
143685
143718
143750
143783
143815
143848
143880
143913
143945
143977
144010
144042
144075
144107
144140
144172
144205
144237
144270
144302
144334
144367
144399
144429
144459
144489
144519
144549
144579
144609
144640
144670
144700
144730
144760
144790
144820
144850
144881
144911
144941
144971
145001
145031
145061
145091
145121
145152
145182
145212
145242
145272
145302
145332
145362
145393
145423
145453
145483
145513
145543
145573
145603
145633
145664
145694
145724
145754
145784
145814
145844
145874
145905
145935
145965
145995
146025
146055
146085
146115
