0
14
26
38
50
62
74
86
98
110
122
134
147
159
171
183
195
207
219
231
243
255
267
280
292
304
316
328
340
352
364
376
388
400
412
425
437
449
461
473
485
497
509
521
533
545
558
570
582
594
606
618
630
642
654
666
678
691
703
715
727
739
751
763
775
787
799
811
823
836
848
860
872
884
896
908
920
932
944
956
969
981
993
1005
1017
1029
1041
1053
1065
1077
1089
1102
1114
1126
1138
1150
1162
1174
1186
1198
1217
1232
1246
1261
1275
1290
1304
1319
1333
1348
1362
1377
1392
1406
1421
1435
1450
1464
1479
1493
1508
1522
1537
1552
1566
1581
1595
1610
1624
1639
1653
1668
1682
1697
1712
1726
1741
1755
1770
1784
1799
1813
1828
1842
1857
1872
1886
1901
1915
1930
1944
1959
1973
1988
2002
2017
2032
2046
2061
2075
2090
2104
2119
2133
2148
2162
2177
2192
2206
2221
2235
2250
2264
2279
2293
2308
2322
2337
2352
2366
2381
2395
2410
2424
2439
2453
2468
2482
2497
2512
2526
2541
2555
2570
2584
2599
2613
2628
2642
2657
2671
2686
2701
2715
2730
2744
2759
2778
2793
2808
2823
2838
2853
2868
2883
2898
2913
2929
2944
2959
2974
2989
3004
3019
3034
3049
3064
3079
3095
3110
3125
3140
3155
3170
3185
3200
3215
3230
3245
3261
3276
3291
3306
3321
3336
3351
3366
3381
3396
3412
3427
3442
3457
3472
3487
3502
3517
3532
3547
3562
3578
3593
3608
3623
3638
3653
3668
3683
3698
3713
3728
3744
3759
3774
3789
3804
3819
3834
3849
3864
3879
3894
3910
3925
3940
3955
3970
3985
4000
4015
4030
4045
4061
4076
4091
4106
4121
4136
4151
4166
4181
4196
4211
4227
4242
4257
4272
4287
4302
4317
4332
4347
4362
4377
4393
4408
4423
4438
4453
4468
4483
4498
4513
4528
4543
4559
4574
4589
4604
4619
4634
4649
4664
4679
4694
4710
4725
4740
4755
4770
4785
4800
4814
4825
4836
4847
4858
4869
4881
4892
4903
4914
4925
4936
4947
4959
4970
4981
4992
5003
5014
5025
5037
5048
5059
5070
5081
5092
5103
5115
5126
5137
5148
5159
5170
5182
5193
5204
5215
5226
5237
5248
5260
5271
5282
5293
5304
5315
5326
5338
5349
5360
5371
5382
5393
5404
5416
5427
5438
5449
5460
5471
5482
5494
5505
5516
5527
5538
5549
5561
5572
5583
5594
5605
5616
5627
5639
5650
5661
5672
5683
5694
5705
5717
5728
5739
5750
5761
5772
5783
5795
5806
5817
5828
5839
5850
5862
5873
5884
5895
5906
5917
5928
5940
5951
5962
5973
5984
5995
6006
6018
6029
6040
6051
6062
6073
6084
6096
6107
6118
6129
6140
6151
6162
6174
6185
6196
6207
6218
6229
6241
6252
6263
6274
6285
6296
6307
6319
6330
6344
6355
6367
6378
6389
6401
6412
6423
6435
6446
6457
6469
6480
6491
6503
6514
6526
6537
6548
6560
6571
6582
6594
6605
6616
6628
6639
6650
6662
6673
6685
6696
6707
6719
6730
6741
6753
6764
6775
6787
6798
6809
6821
6832
6844
6855
6866
6878
6889
6900
6912
6923
6934
6946
6957
6968
6980
6991
7003
7014
7025
7037
7048
7059
7071
7082
7093
7105
7116
7127
7139
7150
7162
7173
7184
7196
7207
7218
7230
7241
7252
7264
7275
7286
7298
7309
7320
7332
7343
7355
7366
7377
7389
7400
7411
7423
7434
7445
7457
7468
7479
7491
7502
7514
7525
7536
7548
7559
7570
7582
7593
7604
7616
7627
7638
7650
7661
7673
7684
7695
7707
7718
7729
7741
7752
7763
7775
7786
7797
7809
7820
7832
7843
7864
7875
7887
7898
7909
7921
7932
7943
7955
7966
7978
7989
8000
8012
8023
8034
8046
8057
8069
8080
8091
8103
8114
8125
8137
8148
8160
8171
8182
8194
8205
8216
8228
8239
8251
8262
8273
8285
8296
8307
8319
8330
8342
8353
8364
8376
8387
8398
8410
8421
8433
8444
8455
8467
8478
8489
8501
8512
8524
8535
8546
8558
8569
8580
8592
8603
8614
8626
8637
8649
8660
8671
8683
8694
8705
8717
8728
8740
8751
8762
8774
8785
8796
8808
8819
8831
8842
8853
8865
8876
8887
8899
8910
8922
8933
8944
8956
8967
8978
8990
9001
9013
9024
9035
9047
9058
9069
9081
9092
9115
9127
9139
9152
9164
9176
9189
9201
9213
9226
9238
9250
9263
9275
9287
9299
9312
9324
9336
9349
9361
9373
9386
9398
9410
9423
9435
9447
9459
9472
9484
9496
9509
9521
9533
9546
9558
9570
9583
9595
9607
9619
9632
9644
9656
9669
9681
9693
9706
9718
9730
9743
9755
9767
9779
9792
9804
9816
9829
9841
9853
9866
9878
9890
9903
9915
9927
9940
9952
9964
9976
9989
10001
10013
10026
10038
10050
10063
10075
10087
10100
10112
10124
10136
10149
10161
10173
10186
10198
10210
10223
10235
10247
10260
10272
10284
10296
10309
10321
10333
10346
10358
10370
10383
10395
10407
10420
10432
10444
10456
10469
10481
10493
10506
10518
10530
10543
10555
10567
10580
10592
10604
10616
10629
10641
10653
10666
10678
10690
10703
10715
10727
10740
10752
10764
10777
10789
10801
10816
10828
10841
10853
10866
10878
10891
10903
10916
10928
10941
10953
10966
10978
10990
11003
11015
11028
11040
11053
11065
11078
11090
11103
11115
11128
11140
11152
11165
11177
11190
11202
11215
11227
11240
11252
11265
11277
11290
11302
11314
11327
11339
11352
11364
11377
11389
11402
11414
11427
11439
11452
11464
11476
11489
11501
11514
11526
11539
11551
11564
11576
11589
11601
11614
11626
11638
11651
11663
11676
11688
11701
11713
11726
11738
11751
11763
11776
11788
11800
11813
11825
11838
11850
11863
11875
11888
11900
11913
11925
11938
11950
11962
11975
11987
12000
12012
12025
12037
12050
12062
12075
12087
12100
12112
12124
12137
12149
12162
12174
12187
12199
12212
12224
12237
12249
12262
12274
12286
12299
12311
12324
12336
12349
12361
12386
12399
12412
12425
12438
12451
12464
12477
12490
12503
12516
12529
12542
12555
12568
12581
12594
12607
12620
12633
12646
12659
12672
12685
12698
12711
12724
12737
12750
12763
12776
12789
12802
12815
12828
12841
12854
12867
12880
12893
12906
12919
12932
12945
12958
12971
12984
12997
13010
13023
13036
13049
13062
13075
13088
13101
13114
13127
13140
13153
13166
13179
13192
13205
13218
13231
13244
13257
13270
13283
13296
13309
13322
13335
13348
13361
13373
13386
13399
13412
13425
13438
13451
13464
13477
13490
13503
13516
13529
13542
13555
13568
13581
13594
13607
13620
13633
13646
13659
13672
13685
13698
13711
13724
13737
13750
13763
13776
13789
13802
13815
13828
13841
13854
13867
13880
13893
13906
13919
13932
13945
13958
13971
13984
13997
14010
14023
14036
14049
14062
14075
14088
14101
14114
14136
14149
14161
14174
14186
14199
14211
14224
14237
14249
14262
14274
14287
14299
14312
14324
14337
14350
14362
14375
14387
14400
14412
14425
14437
14450
14463
14475
14488
14500
14513
14525
14538
14551
14563
14576
14588
14601
14613
14626
14638
14651
14664
14676
14689
14701
14714
14726
14739
14751
14764
14777
14789
14802
14814
14827
14839
14852
14864
14877
14890
14902
14915
14927
14940
14952
14965
14978
14990
15003
15015
15028
15040
15053
15065
15078
15091
15103
15116
15128
15141
15153
15166
15178
15191
15204
15216
15229
15241
15254
15266
15279
15291
15304
15317
15329
15342
15354
15367
15379
15392
15405
15417
15430
15442
15455
15467
15480
15492
15505
15518
15536
15547
15558
15569
15580
15591
15602
15613
15624
15635
15646
15657
15668
15679
15690
15701
15712
15723
15734
15745
15756
15767
15778
15789
15800
15811
15822
15833
15844
15855
15866
15877
15888
15899
15910
15922
15933
15944
15955
15966
15977
15988
15999
16010
16021
16032
16043
16054
16065
16076
16087
16098
16109
16120
16131
16142
16153
16164
16175
16186
16197
16208
16219
16230
16241
16252
16263
16274
16285
16296
16308
16319
16330
16341
16352
16363
16374
16385
16396
16407
16418
16429
16440
16451
16462
16473
16484
16495
16506
16517
16528
16539
16550
16561
16572
16583
16594
16605
16616
16627
16638
16649
16660
16671
16682
16693
16705
16716
16727
16738
16749
16760
16771
16782
16793
16804
16815
16826
16837
16848
16859
16870
16881
16892
16903
16914
16925
16936
16947
16958
16969
16980
16998
17011
17024
17037
17050
17062
17075
17088
17101
17114
17126
17139
17152
17165
17178
17190
17203
17216
17229
17242
17254
17267
17280
17293
17306
17318
17331
17344
17357
17370
17382
17395
17408
17421
17434
17446
17459
17472
17485
17498
17510
17523
17536
17549
17562
17574
17587
17600
17613
17626
17638
17651
17664
17677
17690
17702
17715
17728
17741
17754
17766
17779
17792
17805
17818
17830
17843
17856
17869
17882
17894
17907
17920
17933
17946
17958
17971
17984
17997
18010
18022
18035
18048
18061
18074
18086
18099
18112
18125
18138
18150
18163
18176
18189
18202
18214
18227
18240
18253
18266
18278
18291
18304
18317
18330
18343
18355
18368
18381
18394
18407
18419
18432
18445
18458
18471
18483
18507
18518
18530
18541
18552
18564
18575
18586
18598
18609
18620
18632
18643
18654
18666
18677
18688
18700
18711
18722
18734
18745
18756
18768
18779
18790
18802
18813
18824
18836
18847
18858
18870
18881
18893
18904
18915
18927
18938
18949
18961
18972
18983
18995
19006
19017
19029
19040
19051
19063
19074
19085
19097
19108
19119
19131
19142
19153
19165
19176
19187
19199
19210
19221
19233
19244
19256
19267
19278
19290
19301
19312
19324
19335
19346
19358
19369
19380
19392
19403
19414
19426
19437
19448
19460
19471
19482
19494
19505
19516
19528
19539
19550
19562
19573
19584
19596
19607
19619
19630
19641
19653
19664
19675
19687
19698
19709
19721
19732
19743
19755
19766
19777
19789
19800
19811
19823
19834
19845
19857
19868
19879
19891
19902
19913
19925
19936
19949
19962
19975
19988
20001
20014
20026
20039
20052
20065
20078
20091
20104
20116
20129
20142
20155
20168
20181
20194
20206
20219
20232
20245
20258
20271
20284
20296
20309
20322
20335
20348
20361
20374
20386
20399
20412
20425
20438
20451
20464
20476
20489
20502
20515
20528
20541
20553
20566
20579
20592
20605
20618
20631
20643
20656
20669
20682
20695
20708
20721
20733
20746
20759
20772
20785
20798
20811
20823
20836
20849
20862
20875
20888
20901
20913
20926
20939
20952
20965
20978
20991
21003
21016
21029
21042
21055
21068
21081
21093
21106
21119
21132
21145
21158
21178
21189
21200
21211
21222
21233
21244
21255
21266
21277
21288
21299
21310
21320
21331
21342
21353
21364
21375
21386
21397
21408
21419
21430
21441
21452
21462
21473
21484
21495
21506
21517
21528
21539
21550
21561
21572
21583
21594
21604
21615
21626
21637
21648
21659
21670
21681
21692
21703
21714
21725
21736
21747
21757
21768
21779
21790
21801
21812
21823
21834
21845
21856
21867
21878
21889
21899
21910
21921
21932
21943
21954
21965
21976
21987
21998
22009
22020
22031
22041
22052
22063
22074
22085
22096
22107
22118
22129
22140
22151
22162
22173
22184
22194
22205
22216
22227
22238
22249
22260
22271
22282
22293
22304
22315
22326
22336
22347
22358
22369
22380
22391
22402
22413
22424
22435
22446
22457
22468
22478
22489
22500
22511
22522
22533
22544
22555
22566
22577
22588
22599
22610
22621
22631
22642
22653
22664
22675
22686
22697
22722
22737
22752
22767
22781
22796
22811
22826
22841
22855
22870
22885
22900
22914
22929
22944
22959
22974
22988
23003
23018
23033
23047
23062
23077
23092
23107
23121
23136
23151
23166
23180
23195
23210
23225
23240
23254
23269
23284
23299
23314
23328
23343
23358
23373
23387
23402
23417
23432
23447
23461
23476
23491
23506
23520
23535
23550
23565
23580
23594
23609
23624
23639
23653
23668
23683
23698
23713
23727
23742
23757
23772
23786
23801
23816
23831
23846
23860
23875
23890
23905
23920
23934
23950
23961
23972
23983
23994
24005
24016
24027
24038
24049
24060
24071
24082
24093
24104
24116
24127
24138
24149
24160
24171
24182
24193
24204
24215
24226
24237
24248
24259
24270
24281
24293
24304
24315
24326
24337
24348
24359
24370
24381
24392
24403
24414
24425
24436
24447
24459
24470
24481
24492
24503
24514
24525
24536
24547
24558
24569
24580
24591
24602
24613
24624
24636
24647
24658
24669
24680
24691
24702
24713
24724
24735
24746
24757
24768
24779
24790
24802
24813
24824
24835
24846
24857
24868
24879
24890
24901
24912
24923
24934
24945
24956
24967
24979
24990
25001
25012
25023
25034
25045
25056
25067
25078
25089
25100
25111
25130
25141
25153
25164
25175
25187
25198
25210
25221
25232
25244
25255
25266
25278
25289
25301
25312
25323
25335
25346
25358
25369
25380
25392
25403
25414
25426
25437
25449
25460
25471
25483
25494
25506
25517
25528
25540
25551
25562
25574
25585
25597
25608
25619
25631
25642
25654
25665
25676
25688
25699
25710
25722
25733
25745
25756
25767
25779
25790
25801
25813
25824
25836
25847
25858
25870
25881
25893
25904
25915
25927
25938
25949
25961
25972
25984
25995
26006
26018
26029
26041
26052
26063
26075
26086
26097
26109
26120
26132
26143
26154
26166
26177
26189
26200
26211
26223
26234
26245
26257
26268
26280
26291
26302
26314
26325
26337
26348
26359
26371
26382
26393
26405
26416
26428
26439
26450
26462
26473
26484
26496
26507
26519
26530
26541
26553
26564
26576
26587
26603
26617
26630
26644
26657
26671
26684
26698
26711
26725
26738
26752
26765
26779
26793
26806
26820
26833
26847
26860
26874
26887
26901
26914
26928
26941
26955
26968
26982
26996
27009
27023
27036
27050
27063
27077
27090
27104
27117
27131
27144
27158
27171
27185
27199
27212
27226
27239
27253
27266
27280
27293
27307
27320
27334
27347
27361
27375
27388
27402
27415
27429
27442
27456
27469
27483
27496
27510
27523
27537
27550
27564
27578
27591
27605
27618
27632
27645
27659
27672
27686
27699
27713
27726
27740
27753
27767
27781
27794
27808
27821
27835
27848
27862
27875
27889
27902
27916
27929
27943
27956
27970
27984
27997
28011
28024
28038
28051
28065
28078
28092
28105
28119
28132
28146
28160
28173
28187
28200
28214
28227
28241
28254
28268
28281
28295
28308
28322
28335
28349
28363
28376
28390
28403
28417
28430
28444
28457
28471
28484
28506
28522
28538
28553
28569
28585
28600
28616
28632
28647
28663
28679
28695
28710
28726
28742
28757
28773
28789
28804
28820
28836
28851
28867
28883
28899
28914
28930
28946
28961
28977
28993
29008
29024
29040
29056
29071
29087
29103
29118
29134
29150
29165
29181
29197
29212
29228
29244
29260
29275
29291
29307
29322
29338
29354
29369
29385
29401
29417
29432
29448
29464
29479
29495
29511
29526
29542
29558
29573
29589
29605
29621
29636
29652
29668
29683
29699
29715
29730
29746
29762
29778
29793
29809
29825
29840
29856
29872
29887
29903
29919
29934
29950
29966
29982
29997
30013
30029
30044
30060
30076
30091
30107
30123
30139
30154
30170
30186
30201
30217
30233
30248
30264
30280
30295
30311
30327
30343
30358
30374
30390
30405
30421
30437
30457
30472
30488
30503
30519
30534
30550
30565
30580
30596
30611
30627
30642
30658
30673
30689
30704
30719
30735
30750
30766
30781
30797
30812
30827
30843
30858
30874
30889
30905
30920
30936
30951
30966
30982
30997
31013
31028
31044
31059
31075
31090
31105
31121
31136
31152
31167
31183
31198
31213
31229
31244
31260
31275
31291
31306
31322
31337
31352
31368
31383
31399
31414
31430
31445
31461
31476
31491
31507
31522
31538
31553
31569
31584
31599
31615
31630
31646
31661
31677
31692
31708
31723
31738
31754
31769
31785
31800
31816
31831
31847
31862
31877
31893
31908
31924
31939
31955
31970
31985
32001
32016
32032
32047
32063
32078
32094
32109
32124
32140
32155
32171
32186
32202
32217
32233
32248
32263
32279
32294
32310
32325
32341
32356
32375
32388
32401
32414
32428
32441
32454
32467
32480
32494
32507
32520
32533
32546
32560
32573
32586
32599
32612
32626
32639
32652
32665
32678
32692
32705
32718
32731
32744
32758
32771
32784
32797
32811
32824
32837
32850
32863
32877
32890
32903
32916
32929
32943
32956
32969
32982
32995
33009
33022
33035
33048
33061
33075
33088
33101
33114
33127
33141
33154
33167
33180
33194
33207
33220
33233
33246
33260
33273
33286
33299
33312
33326
33339
33352
33365
33378
33392
33405
33418
33440
33458
33476
33494
33512
33530
33548
33566
33584
33602
33620
33638
33656
33674
33692
33710
33728
33746
33764
33782
33799
33817
33835
33853
33871
33889
33907
33925
33943
33961
33979
33997
34015
34033
34051
34069
34087
34105
34123
34141
34159
34176
34194
34212
34230
34248
34266
34284
34302
34320
34338
34356
34374
34392
34410
34428
34446
34464
34482
34500
34518
34536
34553
34571
34589
34607
34625
34643
34661
34679
34697
34715
34733
34751
34769
34787
34805
34823
34841
34859
34877
34895
34912
34930
34948
34966
34984
35002
35020
35038
35056
35074
35092
35110
35128
35146
35164
35182
35200
35218
35236
35254
35272
35289
35307
35325
35343
35361
35379
35397
35415
35433
35451
35469
35487
35505
35523
35541
35559
35577
35595
35613
35631
35649
35666
35684
35702
35720
35738
35756
35774
35792
35810
35828
35846
35864
35882
35900
35918
35936
35969
35986
36003
36020
36037
36054
36071
36088
36105
36122
36139
36156
36173
36190
36207
36224
36241
36258
36275
36292
36309
36326
36342
36359
36376
36393
36410
36427
36444
36461
36478
36495
36512
36529
36546
36563
36580
36597
36614
36631
36648
36665
36682
36699
36715
36732
36749
36766
36783
36800
36817
36834
36851
36868
36885
36902
36919
36936
36953
36970
36987
37004
37021
37038
37055
37072
37089
37105
37122
37139
37156
37173
37190
37207
37224
37241
37258
37275
37292
37309
37326
37343
37360
37377
37394
37411
37428
37445
37462
37478
37495
37512
37529
37546
37563
37580
37597
37614
37631
37648
37665
37682
37699
37716
37733
37750
37767
37784
37801
37818
37835
37851
37868
37885
37902
37919
37936
37953
37970
37987
38004
38021
38038
38055
38072
38089
38106
38123
38140
38157
38174
38191
38208
38225
38241
38258
38291
38309
38327
38346
38364
38382
38401
38419
38437
38456
38474
38492
38511
38529
38547
38566
38584
38602
38621
38639
38657
38676
38694
38712
38731
38749
38767
38786
38804
38822
38841
38859
38877
38896
38914
38932
38951
38969
38987
39006
39024
39042
39061
39079
39097
39116
39134
39152
39171
39189
39207
39226
39244
39262
39281
39299
39317
39336
39354
39372
39391
39409
39427
39446
39464
39482
39501
39519
39537
39556
39574
39592
39611
39629
39647
39666
39684
39702
39721
39739
39757
39776
39794
39812
39831
39849
39867
39886
39904
39922
39941
39959
39977
39996
40014
40032
40051
40069
40087
40106
40124
40142
40161
40179
40197
40216
40234
40252
40271
40289
40307
40326
40357
40372
40387
40402
40417
40432
40447
40462
40477
40492
40507
40522
40537
40552
40567
40582
40597
40612
40627
40642
40657
40672
40687
40702
40717
40732
40747
40762
40777
40792
40807
40822
40837
40852
40867
40882
40897
40912
40927
40941
40956
40971
40986
41001
41016
41031
41046
41061
41076
41091
41106
41121
41136
41151
41166
41181
41196
41211
41226
41241
41256
41271
41286
41301
41316
41331
41346
41361
41376
41391
41406
41421
41436
41451
41466
41481
41496
41511
41525
41540
41555
41570
41585
41600
41615
41630
41645
41660
41675
41690
41705
41720
41735
41750
41765
41780
41795
41810
41825
41840
41855
41870
41885
41900
41915
41930
41945
41960
41982
42001
42020
42038
42057
42076
42094
42113
42132
42151
42169
42188
42207
42225
42244
42263
42282
42300
42319
42338
42356
42375
42394
42413
42431
42450
42469
42487
42506
42525
42544
42562
42581
42600
42618
42637
42656
42675
42693
42712
42731
42749
42768
42787
42806
42824
42843
42862
42880
42899
42918
42937
42955
42974
42993
43011
43030
43049
43068
43086
43105
43124
43142
43161
43180
43199
43217
43236
43255
43273
43292
43311
43330
43348
43367
43386
43404
43423
43442
43461
43479
43498
43517
43535
43554
43573
43592
43610
43629
43648
43666
43685
43704
43723
43741
43760
43779
43797
43816
43835
43854
43872
43891
43910
43928
43947
43966
43984
44003
44022
44041
44059
44078
44097
44115
44134
44153
44172
44190
44209
44228
44246
44265
44284
44303
44321
44340
44370
44397
44423
44450
44477
44503
44530
44556
44583
44610
44636
44663
44690
44716
44743
44769
44796
44823
44849
44876
44903
44929
44956
44982
45009
45036
45062
45089
45116
45142
45169
45195
45222
45249
45275
45302
45329
45355
45382
45408
45435
45462
45488
45515
45542
45568
45595
45621
45648
45675
45701
45728
45755
45781
45808
45834
45861
45888
45914
45941
45967
45994
46021
46047
46074
46101
46127
46154
46180
46207
46234
46260
46287
46314
46340
46367
46393
46420
46447
46473
46500
46527
46553
46580
46606
46633
46660
46686
46713
46740
46766
46793
46819
46846
46873
46899
46926
46953
46979
47006
47032
47059
47086
47112
47139
47166
47192
47219
47245
47272
47299
47325
47352
47378
47405
47432
47458
47485
47535
47566
47596
47627
47658
47688
47719
47750
47780
47811
47841
47872
47903
47933
47964
47995
48025
48056
48086
48117
48148
48178
48209
48240
48270
48301
48332
48362
48393
48423
48454
48485
48515
48546
48577
48607
48638
48668
48699
48730
48760
48791
48822
48852
48883
48914
48944
48975
49005
49036
49067
49097
49128
49159
49189
49220
49250
49281
49312
49342
49373
49404
49434
49465
49495
49526
49557
49587
49618
49649
49679
49710
49741
49771
49802
49832
49863
49894
49924
49955
49986
50016
50047
50077
50108
50139
50169
50200
50231
50261
50292
50323
50353
50384
50414
50445
50476
50506
50537
50568
50598
50629
50659
50690
50721
50751
50782
50813
50843
50874
50904
50935
50966
50996
51027
51058
51088
51119
51150
51180
51211
51241
51272
51303
51333
51364
51395
51425
51456
51486
51517
51548
51578
51609
51640
51670
51701
51732
51762
51793
51823
51854
51885
51915
51953
51970
51988
52005
52022
52040
52057
52074
52092
52109
52127
52144
52161
52179
52196
52213
52231
52248
52265
52283
52300
52318
52335
52352
52370
52387
52404
52422
52439
52456
52474
52491
52509
52526
52543
52561
52578
52595
52613
52630
52648
52665
52682
52700
52717
52734
52752
52769
52786
52804
52821
52839
52856
52873
52891
52908
52925
52943
52960
52977
52995
53012
53030
53047
53064
53082
53099
53116
53134
53151
53169
53186
53203
53221
53238
53255
53273
53290
53307
53325
53342
53360
53377
53394
53412
53429
53446
53464
53481
53498
53516
53533
53551
53568
53585
53603
53620
53637
53655
53672
53690
53707
53724
53742
53759
53776
53794
53811
53828
53846
53863
53881
53898
53915
53933
53950
53967
53985
54002
54030
54045
54060
54075
54090
54105
54119
54134
54149
54164
54179
54194
54209
54223
54238
54253
54268
54283
54298
54313
54327
54342
54357
54372
54387
54402
54417
54431
54446
54461
54476
54491
54506
54521
54535
54550
54565
54580
54595
54610
54625
54639
54654
54669
54684
54699
54714
54728
54743
54758
54773
54788
54803
54818
54832
54847
54862
54877
54892
54907
54922
54936
54951
54966
54981
54996
55011
55026
55040
55055
55070
55085
55100
55115
55130
55144
55159
55174
55189
55204
55219
55234
55248
55263
55278
55293
55308
55323
55337
55352
55367
55382
55397
55412
55427
55441
55456
55471
55486
55501
55516
55531
55545
55560
55575
55590
55605
55620
55635
55649
55664
55679
55694
55709
55724
55739
55753
55768
55783
55798
55820
55834
55849
55863
55877
55892
55906
55921
55935
55949
55964
55978
55993
56007
56021
56036
56050
56065
56079
56093
56108
56122
56137
56151
56165
56180
56194
56208
56223
56237
56252
56266
56280
56295
56309
56324
56338
56352
56367
56381
56396
56410
56424
56439
56453
56468
56482
56496
56511
56525
56539
56554
56568
56583
56597
56611
56626
56640
56655
56669
56683
56698
56712
56727
56741
56755
56770
56784
56799
56813
56827
56842
56856
56870
56885
56899
56914
56928
56942
56957
56971
56986
57000
57014
57029
57043
57058
57072
57086
57101
57115
57130
57144
57158
57173
57187
57201
57216
57230
57245
57259
57273
57288
57302
57317
57331
57345
57360
57374
57389
57403
57417
57432
57446
57461
57475
57489
57504
57518
57532
57547
57561
57576
57590
57604
57619
57641
57657
57673
57689
57705
57721
57737
57753
57768
57784
57800
57816
57832
57848
57864
57880
57895
57911
57927
57943
57959
57975
57991
58007
58022
58038
58054
58070
58086
58102
58118
58134
58149
58165
58181
58197
58213
58229
58245
58261
58276
58292
58308
58324
58340
58356
58372
58388
58403
58419
58435
58451
58467
58483
58499
58515
58530
58546
58562
58578
58594
58610
58626
58642
58657
58673
58689
58705
58721
58737
58753
58769
58784
58800
58816
58832
58848
58864
58880
58896
58911
58927
58943
58959
58975
58991
59007
59023
59038
59054
59070
59086
59102
59118
59134
59150
59165
59181
59197
59213
59229
59245
59261
59277
59292
59308
59324
59340
59356
59372
59388
59404
59419
59435
59451
59467
59483
59499
59515
59531
59546
59562
59592
59607
59623
59638
59653
59669
59684
59699
59715
59730
59746
59761
59776
59792
59807
59822
59838
59853
59868
59884
59899
59915
59930
59945
59961
59976
59991
60007
60022
60037
60053
60068
60084
60099
60114
60130
60145
60160
60176
60191
60207
60222
60237
60253
60268
60283
60299
60314
60329
60345
60360
60376
60391
60406
60422
60437
60452
60468
60483
60498
60514
60529
60545
60560
60575
60591
60606
60621
60637
60652
60668
60683
60698
60714
60729
60744
60760
60775
60790
60806
60821
60837
60852
60867
60883
60898
60913
60929
60944
60959
60975
60990
61006
61021
61036
61052
61067
61082
61098
61113
61129
61144
61159
61175
61190
61205
61221
61236
61251
61267
61282
61298
61313
61328
61344
61359
61374
61390
61405
61420
61436
61451
61467
61482
61497
61513
61528
61543
61559
61587
61606
61625
61644
61663
61682
61701
61720
61739
61758
61777
61796
61815
61834
61853
61872
61891
61910
61930
61949
61968
61987
62006
62025
62044
62063
62082
62101
62120
62139
62158
62177
62196
62215
62234
62253
62272
62292
62311
62330
62349
62368
62387
62406
62425
62444
62463
62482
62501
62520
62539
62558
62577
62596
62615
62634
62654
62673
62692
62711
62730
62749
62768
62787
62806
62825
62844
62863
62882
62901
62920
62939
62958
62977
62997
63016
63035
63054
63073
63092
63111
63130
63149
63168
63187
63206
63225
63244
63263
63282
63301
63320
63339
63359
63378
63397
63416
63435
63454
63473
63492
63511
63530
63549
63568
63587
63606
63625
63646
63664
63682
63700
63718
63736
63754
63773
63791
63809
63827
63845
63863
63881
63899
63918
63936
63954
63972
63990
64008
64026
64045
64063
64081
64099
64117
64135
64153
64171
64190
64208
64226
64244
64262
64280
64298
64316
64335
64353
64371
64389
64407
64425
64443
64462
64480
64498
64516
64534
64552
64570
64588
64607
64625
64643
64661
64679
64697
64715
64734
64752
64770
64788
64806
64824
64842
64860
64879
64897
64915
64933
64951
64969
64987
65005
65024
65042
65060
65078
65096
65114
65132
65151
65169
65187
65205
65223
65241
65259
65277
65296
65314
65332
65350
65368
65386
65404
65422
65441
65459
65477
65495
65513
65531
65549
65568
65586
65604
65622
65640
65658
65676
65694
65713
65731
65749
65767
65785
65803
65821
65840
65858
65876
65894
65912
65930
65948
65966
65985
66003
66021
66039
66057
66075
66093
66111
66130
66148
66166
66184
66202
66238
66258
66278
66298
66317
66337
66357
66377
66397
66416
66436
66456
66476
66496
66515
66535
66555
66575
66595
66614
66634
66654
66674
66694
66713
66733
66753
66773
66793
66812
66832
66852
66872
66892
66911
66931
66951
66971
66991
67010
67030
67050
67070
67090
67109
67129
67149
67169
67188
67208
67228
67248
67268
67287
67307
67327
67347
67367
67386
67406
67426
67446
67466
67485
67505
67525
67545
67565
67584
67604
67624
67644
67664
67683
67703
67723
67743
67763
67782
67802
67822
67842
67862
67881
67901
67921
67941
67961
67980
68000
68020
68040
68060
68079
68099
68119
68139
68158
68178
68198
68218
68238
68257
68277
68297
68317
68337
68356
68376
68396
68416
68436
68455
68475
68495
68515
68535
68554
68574
68594
68614
68634
68668
68687
68706
68725
68744
68763
68782
68801
68820
68839
68858
68877
68896
68915
68934
68953
68972
68991
69010
69029
69048
69067
69086
69105
69124
69144
69163
69182
69201
69220
69239
69258
69277
69296
69315
69334
69353
69372
69391
69410
69429
69448
69467
69486
69505
69524
69543
69562
69581
69600
69620
69639
69658
69677
69696
69715
69734
69753
69772
69791
69810
69829
69848
69867
69886
69905
69924
69943
69962
69981
70000
70019
70038
70057
70076
70096
70115
70134
70153
70172
70191
70210
70229
70248
70267
70286
70305
70324
70343
70362
70381
70400
70419
70438
70457
70476
70495
70514
70533
70552
70572
70591
70610
70629
70648
70667
70686
70705
70724
70743
70762
70781
70800
70819
70838
70857
70876
70895
70914
70933
70952
70971
70990
71009
71043
71066
71090
71113
71136
71160
71183
71207
71230
71253
71277
71300
71324
71347
71370
71394
71417
71441
71464
71487
71511
71534
71558
71581
71604
71628
71651
71675
71698
71721
71745
71768
71792
71815
71838
71862
71885
71908
71932
71955
71979
72002
72025
72049
72072
72096
72119
72142
72166
72189
72213
72236
72259
72283
72306
72330
72353
72376
72400
72423
72447
72470
72493
72517
72540
72564
72587
72610
72634
72657
72681
72704
72727
72751
72774
72797
72821
72844
72868
72891
72914
72938
72961
72985
73008
73031
73055
73078
73102
73125
73148
73172
73195
73219
73242
73265
73289
73312
73336
73359
73382
73406
73429
73453
73476
73499
73523
73546
73569
73593
73616
73640
73663
73686
73710
73733
73757
73780
73803
73827
73851
73873
73894
73916
73938
73959
73981
74003
74024
74046
74068
74089
74111
74133
74154
74176
74198
74219
74241
74263
74284
74306
74328
74349
74371
74393
74414
74436
74458
74479
74501
74523
74544
74566
74588
74609
74631
74653
74674
74696
74718
74739
74761
74783
74804
74826
74847
74869
74891
74912
74934
74956
74977
74999
75021
75042
75064
75086
75107
75129
75151
75172
75194
75216
75237
75259
75281
75302
75324
75346
75367
75389
75411
75432
75454
75476
75497
75519
75541
75562
75584
75606
75627
75649
75671
75692
75714
75736
75757
75779
75800
75822
75844
75865
75887
75909
75930
75952
75974
75995
76017
76039
76060
76082
76104
76125
76147
76169
76190
76212
76234
76255
76277
76299
76320
76342
76364
76385
76407
76436
76461
76486
76512
76537
76562
76587
76613
76638
76663
76688
76714
76739
76764
76789
76815
76840
76865
76890
76916
76941
76966
76991
77017
77042
77067
77092
77118
77143
77168
77193
77219
77244
77269
77294
77320
77345
77370
77395
77421
77446
77471
77496
77522
77547
77572
77597
77623
77648
77673
77698
77724
77749
77774
77799
77825
77850
77875
77901
77926
77951
77976
78002
78027
78052
78077
78103
78128
78153
78178
78204
78229
78254
78279
78305
78330
78355
78380
78406
78431
78456
78481
78507
78532
78557
78582
78608
78633
78658
78683
78709
78734
78759
78784
78810
78835
78860
78885
78911
78936
78961
78986
79012
79037
79062
79087
79113
79138
79163
79188
79214
79239
79264
79289
79315
79340
79365
79391
79416
79441
79466
79492
79517
79542
79567
79593
79618
79643
79668
79694
79719
79743
79765
79788
79810
79833
79855
79878
79900
79922
79945
79967
79990
80012
80035
80057
80080
80102
80124
80147
80169
80192
80214
80237
80259
80281
80304
80326
80349
80371
80394
80416
80439
80461
80483
80506
80528
80551
80573
80596
80618
80640
80663
80685
80708
80730
80753
80775
80798
80820
80842
80865
80887
80910
80932
80955
80977
81000
81022
81044
81067
81089
81112
81134
81157
81179
81201
81224
81246
81269
81291
81314
81336
81359
81381
81403
81426
81448
81471
81493
81516
81538
81560
81583
81605
81628
81650
81673
81695
81718
81740
81762
81785
81807
81830
81852
81875
81897
81919
81942
81964
81987
82009
82032
82054
82077
82099
82121
82144
82166
82189
82211
82234
82256
82279
82301
82323
82346
82368
82391
82430
82460
82490
82520
82549
82579
82609
82639
82668
82698
82728
82758
82787
82817
82847
82877
82906
82936
82966
82996
83026
83055
83085
83115
83145
83174
83204
83234
83264
83293
83323
83353
83383
83412
83442
83472
83502
83532
83561
83591
83621
83651
83680
83710
83740
83770
83799
83829
83859
83889
83918
83948
83978
84008
84038
84067
84097
84127
84157
84186
84216
84246
84276
84305
84335
84365
84395
84424
84454
84484
84514
84544
84573
84603
84633
84663
84692
84722
84752
84782
84811
84841
84871
84901
84930
84960
84990
85020
85050
85079
85109
85139
85169
85198
85228
85258
85288
85317
85347
85377
85407
85436
85466
85496
85526
85556
85585
85615
85645
85675
85704
85734
85759
85777
85794
85812
85829
85847
85864
85882
85899
85917
85934
85952
85969
85987
86004
86022
86039
86057
86074
86092
86109
86127
86144
86162
86179
86197
86214
86232
86249
86267
86284
86302
86319
86337
86354
86372
86389
86407
86424
86442
86459
86477
86494
86512
86529
86547
86564
86582
86599
86617
86634
86652
86669
86687
86704
86722
86739
86757
86775
86792
86810
86827
86845
86862
86880
86897
86915
86932
86950
86967
86985
87002
87020
87037
87055
87072
87090
87107
87125
87142
87160
87177
87195
87212
87230
87247
87265
87282
87300
87317
87335
87352
87370
87387
87405
87422
87440
87457
87475
87492
87510
87527
87545
87562
87580
87597
87615
87632
87650
87667
87685
87702
87720
87737
87755
87772
87790
87808
87825
87843
87860
87878
87895
87913
87930
87948
87978
87993
88008
88024
88039
88054
88070
88085
88100
88115
88131
88146
88161
88177
88192
88207
88222
88238
88253
88268
88284
88299
88314
88329
88345
88360
88375
88391
88406
88421
88436
88452
88467
88482
88498
88513
88528
88543
88559
88574
88589
88605
88620
88635
88650
88666
88681
88696
88712
88727
88742
88757
88773
88788
88803
88819
88834
88849
88864
88880
88895
88910
88926
88941
88956
88971
88987
89002
89017
89033
89048
89063
89078
89094
89109
89124
89140
89155
89170
89185
89201
89216
89231
89247
89262
89277
89292
89308
89323
89338
89354
89369
89384
89399
89415
89430
89445
89461
89476
89491
89506
89522
89537
89552
89568
89583
89598
89613
89629
89644
89659
89675
89690
89705
89720
89736
89751
89766
89782
89797
89812
89827
89843
89858
89873
89889
89904
89919
89934
89950
89967
89981
89995
90009
90022
90036
90050
90064
90077
90091
90105
90119
90132
90146
90160
90174
90187
90201
90215
90229
90242
90256
90270
90284
90297
90311
90325
90339
90353
90366
90380
90394
90408
90421
90435
90449
90463
90476
90490
90504
90518
90531
90545
90559
90573
90586
90600
90614
90628
90641
90655
90669
90683
90697
90710
90724
90738
90752
90765
90779
90793
90807
90820
90834
90848
90862
90875
90889
90903
90917
90930
90944
90958
90972
90985
90999
91013
91027
91041
91054
91068
91082
91096
91109
91123
91137
91151
91164
91178
91192
91206
91219
91233
91247
91261
91274
91288
91302
91316
91329
91343
91357
91371
91385
91398
91412
91426
91440
91453
91467
91481
91495
91508
91522
91536
91550
91567
91580
91593
91606
91619
91632
91645
91659
91672
91685
91698
91711
91724
91737
91751
91764
91777
91790
91803
91816
91829
91843
91856
91869
91882
91895
91908
91921
91935
91948
91961
91974
91987
92000
92013
92027
92040
92053
92066
92079
92092
92105
92119
92132
92145
92158
92171
92184
92197
92211
92224
92237
92250
92263
92276
92289
92303
92316
92329
92342
92355
92368
92381
92394
92408
92421
92434
92447
92460
92473
92486
92500
92513
92526
92539
92552
92565
92578
92592
92605
92618
92631
92644
92657
92670
92684
92697
92710
92723
92736
92749
92762
92776
92789
92802
92815
92828
92841
92854
92868
92881
92894
92907
92920
92933
92946
92960
92973
92986
92999
93012
93025
93038
93052
93065
93078
93091
93104
93117
93130
93143
93167
93180
93193
93206
93219
93232
93245
93258
93271
93284
93297
93310
93323
93337
93350
93363
93376
93389
93402
93415
93428
93441
93454
93467
93480
93493
93507
93520
93533
93546
93559
93572
93585
93598
93611
93624
93637
93650
93663
93676
93690
93703
93716
93729
93742
93755
93768
93781
93794
93807
93820
93833
93846
93860
93873
93886
93899
93912
93925
93938
93951
93964
93977
93990
94003
94016
94029
94043
94056
94069
94082
94095
94108
94121
94134
94147
94160
94173
94186
94199
94213
94226
94239
94252
94265
94278
94291
94304
94317
94330
94343
94356
94369
94382
94396
94409
94422
94435
94448
94461
94474
94487
94500
94513
94526
94539
94552
94566
94579
94592
94605
94618
94631
94644
94657
94670
94683
94696
94709
94722
94735
94749
94762
94776
94787
94798
94809
94821
94832
94843
94854
94866
94877
94888
94899
94911
94922
94933
94944
94955
94967
94978
94989
95000
95012
95023
95034
95045
95057
95068
95079
95090
95102
95113
95124
95135
95146
95158
95169
95180
95191
95203
95214
95225
95236
95248
95259
95270
95281
95293
95304
95315
95326
95337
95349
95360
95371
95382
95394
95405
95416
95427
95439
95450
95461
95472
95484
95495
95506
95517
95528
95540
95551
95562
95573
95585
95596
95607
95618
95630
95641
95652
95663
95675
95686
95697
95708
95719
95731
95742
95753
95764
95776
95787
95798
95809
95821
95832
95843
95854
95865
95877
95888
95899
95910
95922
95933
95944
95955
95967
95978
95989
96000
96012
96023
96034
96045
96056
96068
96079
96096
96108
96120
96132
96144
96156
96167
96179
96191
96203
96215
96227
96238
96250
96262
96274
96286
96298
96309
96321
96333
96345
96357
96369
96381
96392
96404
96416
96428
96440
96452
96463
96475
96487
96499
96511
96523
96534
96546
96558
96570
96582
96594
96606
96617
96629
96641
96653
96665
96677
96688
96700
96712
96724
96736
96748
96759
96771
96783
96795
96807
96819
96831
96842
96854
96866
96878
96890
96902
96913
96925
96937
96949
96961
96973
96984
96996
97008
97020
97032
97044
97056
97067
97079
97091
97103
97115
97127
97138
97150
97162
97174
97186
97198
97209
97221
97233
97245
97257
97269
97281
97292
97304
97316
97328
97340
97352
97363
97375
97387
97399
97411
97423
97434
97446
97458
97470
97482
97494
97506
97517
97529
97541
97553
97565
97577
97588
97600
97612
97624
97636
97648
97659
97671
97683
97695
97707
97719
97731
97742
97754
97778
97790
97802
97814
97826
97838
97850
97862
97874
97886
97898
97910
97922
97934
97946
97958
97970
97982
97994
98006
98018
98030
98042
98054
98066
98078
98090
98102
98114
98126
98138
98150
98162
98174
98186
98198
98210
98222
98234
98246
98258
98270
98282
98294
98306
98318
98330
98342
98354
98366
98378
98390
98402
98414
98426
98438
98450
98462
98474
98486
98498
98510
98522
98534
98546
98558
98570
98582
98594
98606
98618
98630
98642
98654
98666
98678
98690
98702
98714
98726
98738
98750
98762
98774
98786
98798
98810
98822
98834
98846
98858
98870
98882
98894
98906
98918
98930
98942
98954
98966
98978
98990
99003
99015
99027
99039
99051
99063
99075
99087
99099
99111
99123
99135
99147
99159
99171
99183
99195
99207
99219
99231
99243
99255
99267
99287
99298
99309
99320
99331
99342
99354
99365
99376
99387
99398
99409
99421
99432
99443
99454
99465
99476
99488
99499
99510
99521
99532
99543
99554
99566
99577
99588
99599
99610
99621
99633
99644
99655
99666
99677
99688
99700
99711
99722
99733
99744
99755
99767
99778
99789
99800
99811
99822
99833
99845
99856
99867
99878
99889
99900
99912
99923
99934
99945
99956
99967
99979
99990
100001
100012
100023
100034
100046
100057
100068
100079
100090
100101
100112
100124
100135
100146
100157
100168
100179
100191
100202
100213
100224
100235
100246
100258
100269
100280
100291
100302
100313
100325
100336
100347
100358
100369
100380
100391
100409
100422
100436
100449
100463
100476
100490
100503
100516
100530
100543
100557
100570
100584
100597
100611
100624
100637
100651
100664
100678
100691
100705
100718
100732
100745
100758
100772
100785
100799
100812
100826
100839
100853
100866
100879
100893
100906
100920
100933
100947
100960
100974
100987
101000
101018
101030
101042
101054
101066
101078
101090
101102
101114
101126
101138
101150
101162
101174
101186
101198
101210
101222
101234
101246
101258
101270
101282
101294
101306
101318
101330
101342
101354
101366
101378
101390
101402
101413
101425
101437
101449
101461
101473
101485
101497
101509
101521
101533
101545
101557
101569
101581
101593
101605
101617
101629
101641
101653
101665
101677
101689
101701
101713
101725
101737
101749
101761
101773
101785
101797
101808
101820
101832
101844
101856
101868
101880
101892
101904
101916
101928
101940
101952
101964
101976
101988
102000
102012
102024
102036
102048
102060
102072
102084
102096
102108
102120
102132
102144
102156
102168
102180
102192
102203
102215
102227
102239
102251
102263
102275
102287
102299
102311
102323
102335
102347
102359
102371
102383
102395
102407
102419
102431
102443
102455
102467
102479
102491
102503
102515
102527
102539
102551
102563
102575
102587
102598
102610
102622
102634
102646
102658
102670
102682
102694
102706
102718
102730
102742
102754
102766
102778
102790
102802
102814
102826
102838
102850
102862
102874
102886
102898
102910
102922
102934
102946
102958
102982
102996
103010
103025
103039
103053
103067
103082
103096
103110
103124
103139
103153
103167
103181
103196
103210
103224
103238
103253
103267
103281
103295
103310
103324
103338
103352
103367
103381
103395
103409
103424
103438
103452
103466
103481
103495
103509
103523
103538
103552
103566
103580
103595
103609
103623
103637
103652
103666
103680
103694
103709
103723
103737
103751
103766
103780
103794
103808
103823
103837
103851
103865
103880
103894
103908
103922
103937
103951
103965
103979
103994
104008
104022
104036
104051
104065
104079
104093
104108
104122
104136
104150
104165
104179
104193
104207
104222
104236
104250
104264
104279
104293
104307
104322
104336
104350
104364
104379
104393
104407
104421
104436
104450
104464
104478
104493
104507
104521
104535
104550
104564
104578
104592
104607
104621
104635
104649
104664
104678
104692
104714
104729
104744
104759
104774
104789
104804
104819
104834
104849
104865
104880
104895
104910
104925
104940
104955
104970
104985
105000
105016
105031
105046
105061
105076
105091
105106
105121
105136
105151
105167
105182
105197
105212
105227
105242
105257
105272
105287
105302
105317
105333
105348
105363
105378
105393
105408
105423
105438
105453
105468
105484
105499
105514
105529
105544
105559
105574
105589
105604
105619
105635
105650
105665
105680
105695
105710
105725
105740
105755
105770
105785
105801
105816
105831
105846
105861
105876
105891
105906
105921
105936
105952
105967
105982
105997
106012
106027
106042
106057
106072
106087
106103
106118
106133
106148
106163
106178
106193
106208
106223
106238
106254
106269
106284
106299
106314
106329
106344
106359
106374
106389
106404
106420
106435
106450
106465
106480
106495
106510
106525
106540
106555
106571
106586
106601
106616
106631
106646
106661
106685
106701
106717
106733
106748
106764
106780
106796
106812
106827
106843
106859
106875
106891
106906
106922
106938
106954
106970
106985
107001
107017
107033
107048
107064
107080
107096
107112
107127
107143
107159
107175
107191
107206
107222
107238
107254
107270
107285
107301
107317
107333
107348
107364
107380
107396
107412
107433
107446
107459
107472
107485
107498
107511
107524
107537
107550
107563
107576
107589
107602
107615
107628
107641
107654
107667
107680
107693
107706
107719
107732
107745
107758
107771
107784
107798
107811
107824
107837
107850
107863
107876
107889
107913
107926
107940
107953
107966
107980
107993
108007
108020
108033
108047
108060
108074
108087
108100
108114
108127
108140
108154
108167
108181
108194
108207
108221
108234
108248
108261
108274
108288
108301
108314
108328
108341
108355
108368
108381
108395
108408
108422
108435
108448
108462
108475
108488
108502
108515
108529
108542
108555
108569
108582
108596
108609
108622
108636
108649
108662
108676
108689
108703
108716
108729
