0
14
26
39
51
63
76
88
101
113
125
138
150
163
175
187
200
212
225
237
249
262
274
287
299
311
324
336
349
361
373
386
398
411
423
435
448
460
473
485
497
510
522
535
547
559
572
584
597
609
621
634
646
659
671
683
696
708
721
733
745
758
770
783
795
807
820
832
845
857
869
882
894
907
919
931
944
956
969
981
993
1006
1018
1031
1043
1055
1068
1080
1093
1105
1117
1130
1142
1155
1167
1179
1192
1204
1217
1229
1241
1254
1266
1279
1291
1303
1316
1328
1341
1353
1365
1378
1390
1403
1415
1427
1440
1452
1465
1477
1489
1502
1514
1527
1539
1551
1564
1576
1589
1601
1613
1626
1638
1651
1663
1675
1688
1700
1713
1725
1737
1750
1762
1775
1787
1799
1812
1824
1837
1849
1861
1874
1886
1899
1911
1923
1936
1948
1961
1973
1985
1998
2010
2027
2043
2059
2075
2091
2107
2123
2139
2155
2171
2187
2203
2219
2235
2251
2267
2282
2298
2314
2330
2346
2362
2378
2394
2410
2426
2442
2458
2474
2490
2506
2522
2537
2553
2569
2585
2601
2617
2633
2649
2665
2681
2697
2713
2729
2745
2761
2777
2792
2808
2824
2840
2856
2872
2888
2904
2920
2936
2952
2968
2984
3000
3016
3032
3047
3063
3079
3095
3111
3127
3143
3159
3175
3191
3207
3223
3239
3255
3271
3287
3303
3318
3334
3350
3366
3382
3398
3414
3430
3446
3462
3478
3494
3510
3526
3542
3563
3574
3585
3596
3607
3618
3629
3640
3651
3662
3673
3684
3695
3707
3718
3729
3740
3751
3762
3773
3784
3795
3806
3817
3828
3839
3850
3862
3873
3884
3895
3906
3917
3928
3939
3950
3961
3972
3983
3994
4005
4017
4028
4039
4050
4061
4072
4083
4094
4105
4116
4127
4138
4149
4161
4172
4183
4194
4205
4216
4227
4238
4249
4260
4271
4282
4293
4304
4316
4327
4338
4349
4360
4371
4382
4393
4404
4415
4426
4437
4448
4459
4471
4482
4493
4504
4515
4526
4537
4548
4559
4570
4581
4592
4603
4615
4626
4637
4648
4659
4670
4681
4692
4703
4714
4725
4736
4747
4758
4773
4783
4794
4804
4815
4825
4836
4846
4857
4867
4877
4888
4898
4909
4919
4930
4940
4951
4961
4972
4982
4992
5003
5013
5024
5034
5045
5055
5066
5076
5087
5097
5107
5118
5128
5139
5149
5160
5170
5181
5191
5202
5212
5222
5233
5243
5254
5264
5275
5285
5296
5306
5317
5327
5337
5348
5358
5369
5379
5390
5400
5411
5421
5432
5442
5452
5463
5473
5484
5494
5505
5515
5526
5536
5547
5557
5567
5578
5588
5599
5609
5620
5630
5641
5651
5662
5672
5682
5693
5703
5714
5724
5735
5745
5756
5766
5777
5787
5797
5808
5818
5829
5839
5850
5860
5871
5881
5892
5902
5912
5923
5933
5944
5954
5965
5975
5986
5996
6007
6017
6027
6038
6048
6059
6069
6080
6090
6101
6111
6122
6132
6142
6153
6163
6174
6184
6195
6205
6227
6241
6255
6268
6282
6296
6309
6323
6337
6351
6364
6378
6392
6405
6419
6433
6447
6460
6474
6488
6501
6515
6529
6542
6556
6570
6584
6597
6611
6625
6638
6652
6666
6680
6693
6707
6721
6734
6748
6762
6776
6789
6803
6817
6830
6844
6858
6871
6885
6899
6913
6926
6940
6954
6967
6981
6995
7009
7022
7036
7050
7063
7077
7091
7104
7118
7132
7146
7159
7173
7187
7200
7214
7228
7242
7255
7269
7283
7296
7310
7324
7338
7351
7365
7379
7392
7406
7420
7433
7447
7461
7475
7488
7502
7516
7529
7543
7557
7571
7584
7598
7612
7625
7639
7653
7666
7680
7694
7708
7721
7735
7749
7762
7776
7790
7804
7817
7831
7845
7858
7872
7886
7900
7913
7927
7941
7954
7968
7982
7995
8009
8023
8037
8050
8064
8078
8122
8159
8197
8234
8272
8309
8347
8384
8421
8459
8496
8534
8571
8609
8646
8683
8721
8758
8796
8833
8871
8908
8945
8983
9020
9058
9095
9133
9170
9207
9245
9282
9320
9357
9395
9432
9469
9507
9544
9582
9619
9657
9694
9731
9769
9806
9844
9881
9919
9956
9994
10031
10068
10106
10143
10181
10218
10256
10293
10330
10368
10405
10443
10480
10518
10555
10592
10630
10667
10705
10742
10780
10817
10854
10892
10929
10967
11004
11042
11079
11116
11154
11191
11229
11266
11304
11341
11378
11416
11453
11491
11528
11566
11603
11640
11678
11715
11753
11790
11828
11865
11903
11940
11977
12015
12052
12090
12127
12165
12202
12239
12277
12314
12352
12389
12427
12464
12501
12539
12576
12614
12651
12689
12726
12763
12801
12838
12876
12913
12953
12991
13029
13067
13105
13143
13182
13220
13258
13296
13334
13372
13411
13449
13487
13525
13563
13601
13639
13678
13716
13754
13792
13830
13868
13907
13945
13983
14021
14059
14097
14136
14174
14212
14250
14288
14326
14364
14403
14441
14479
14517
14555
14593
14632
14670
14708
14746
14784
14822
14861
14899
14937
14975
15013
15051
15089
15128
15166
15204
15242
15280
15318
15357
15395
15433
15471
15509
15547
15586
15624
15662
15700
15738
15776
15814
15853
15891
15929
15967
16005
16043
16082
16120
16158
16196
16234
16272
16311
16349
16387
16425
16463
16501
16539
16578
16616
16654
16692
16730
16768
16807
16845
16883
16921
16961
16997
17033
17070
17106
17142
17179
17215
17251
17288
17324
17360
17397
17433
17469
17506
17542
17578
17614
17651
17687
17723
17760
17796
17832
17869
17905
17941
17978
18014
18050
18087
18123
18159
18195
18232
18268
18304
18341
18377
18413
18450
18486
18522
18559
18595
18631
18668
18704
18740
18776
18813
18849
18885
18922
18958
18994
19031
19067
19103
19140
19176
19212
19249
19285
19321
19357
19394
19430
19466
19503
19539
19575
19612
19648
19684
19721
19757
19793
19830
19866
19902
19938
19975
20011
20047
20084
20120
20156
20193
20229
20265
20302
20338
20374
20411
20447
20483
20519
20556
20592
20628
20665
20701
20737
20774
20810
20846
20883
20919
20955
20992
21028
21064
21100
21137
21173
21209
21246
21282
21318
21355
21391
21427
21464
21500
21536
21573
21609
21645
21682
21718
21754
21830
21876
21922
21967
22013
22059
22104
22150
22196
22241
22287
22333
22378
22424
22470
22515
22561
22607
22652
22698
22744
22790
22835
22881
22927
22972
23018
23064
23109
23155
23201
23246
23292
23338
23383
23429
23475
23520
23566
23612
23658
23703
23749
23795
23840
23886
23932
23977
24023
24069
24114
24160
24206
24251
24297
24343
24388
24434
24480
24525
24571
24617
24663
24708
24754
24800
24845
24891
24937
24982
25028
25074
25119
25165
25211
25256
25302
25348
25393
25439
25485
25531
25576
25622
25668
25713
25759
25805
25850
25896
25942
25987
26033
26079
26124
26170
26216
26261
26307
26353
26398
26444
26490
26536
26581
26627
26673
26718
26764
26810
26855
26901
26947
26992
27038
27084
27129
27175
27221
27266
27305
27326
27347
27368
27388
27409
27430
27451
27471
27492
27513
27534
27555
27575
27596
27617
27638
27658
27679
27700
27721
27742
27762
27783
27804
27825
27845
27866
27887
27908
27928
27949
27970
27991
28012
28032
28053
28074
28095
28115
28136
28157
28178
28199
28219
28240
28261
28282
28302
28323
28344
28365
28385
28406
28427
28448
28469
28489
28510
28531
28552
28572
28593
28614
28635
28656
28676
28697
28718
28739
28759
28780
28801
28822
28842
28863
28884
28905
28926
28946
28967
28988
29009
29029
29050
29071
29092
29113
29133
29154
29175
29196
29216
29237
29258
29279
29299
29320
29341
29362
29383
29403
29424
29445
29466
29486
29507
29528
29549
29570
29590
29611
29632
29653
29673
29694
29715
29736
29756
29777
29798
29819
29840
29860
29881
29902
29923
29943
29964
29985
30006
30027
30047
30068
30089
30110
30130
30151
30169
30182
30196
30209
30222
30236
30249
30263
30276
30289
30303
30316
30329
30343
30356
30370
30383
30396
30410
30423
30437
30450
30463
30477
30490
30503
30517
30530
30544
30557
30570
30584
30597
30610
30624
30637
30651
30664
30677
30691
30704
30718
30731
30744
30758
30771
30784
30798
30811
30825
30838
30851
30865
30878
30891
30905
30918
30932
30945
30958
30972
30985
30999
31012
31025
31039
31052
31065
31079
31092
31106
31119
31132
31146
31159
31172
31186
31199
31213
31226
31239
31253
31266
31280
31293
31306
31320
31333
31346
31360
31373
31387
31400
31413
31427
31440
31453
31467
31480
31494
31507
31520
31534
31547
31561
31574
31587
31601
31614
31627
31649
31662
31674
31687
31699
31712
31724
31737
31750
31762
31775
31787
31800
31812
31825
31838
31850
31863
31875
31888
31900
31913
31926
31938
31951
31963
31976
31988
32001
32014
32026
32039
32051
32064
32076
32089
32102
32114
32127
32139
32152
32164
32177
32190
32202
32215
32227
32240
32252
32265
32278
32290
32303
32315
32328
32340
32353
32366
32378
32391
32403
32416
32428
32441
32454
32466
32479
32491
32504
32516
32529
32542
32554
32567
32579
32592
32604
32617
32630
32642
32655
32667
32680
32692
32705
32718
32730
32743
32755
32768
32780
32793
32806
32818
32831
32843
32856
32868
32881
32894
32906
32919
32931
32944
32956
32969
32982
32994
33007
33019
33032
33044
33057
33070
33082
33095
33107
33120
33132
33145
33158
33170
33183
33195
33208
33220
33233
33246
33258
33271
33283
33296
33307
33317
33327
33337
33347
33357
33367
33377
33387
33397
33407
33417
33427
33437
33447
33457
33468
33478
33488
33498
33508
33518
33528
33538
33548
33558
33568
33578
33588
33598
33608
33618
33629
33639
33649
33659
33669
33679
33689
33699
33709
33719
33729
33739
33749
33759
33769
33779
33790
33800
33810
33820
33830
33840
33850
33860
33870
33880
33890
33900
33910
33920
33930
33940
33950
33961
33971
33981
33991
34001
34011
34021
34031
34041
34051
34061
34071
34081
34091
34101
34111
34122
34132
34142
34152
34162
34172
34182
34192
34202
34212
34222
34232
34242
34252
34262
34272
34283
34293
34303
34313
34323
34333
34343
34353
34363
34373
34383
34393
34403
34413
34423
34433
34443
34454
34464
34474
34484
34500
34513
34525
34538
34550
34563
34576
34588
34601
34613
34626
34639
34651
34664
34676
34689
34702
34714
34727
34739
34752
34765
34777
34790
34802
34815
34828
34840
34853
34865
34878
34891
34903
34916
34928
34941
34954
34966
34979
34991
35004
35017
35029
35042
35054
35067
35080
35092
35105
35117
35130
35143
35155
35168
35180
35193
35206
35218
35231
35243
35256
35269
35281
35294
35306
35319
35332
35344
35357
35369
35382
35395
35407
35420
35432
35445
35457
35470
35483
35495
35508
35520
35533
35546
35558
35571
35583
35596
35609
35621
35634
35646
35659
35672
35684
35697
35709
35722
35735
35747
35760
35772
35785
35798
35810
35823
35835
35848
35861
35873
35886
35898
35911
35924
35936
35949
35961
35974
35987
35999
36012
36024
36037
36050
36062
36075
36087
36116
36133
36150
36167
36184
36202
36219
36236
36253
36270
36288
36305
36322
36339
36356
36373
36391
36408
36425
36442
36459
36477
36494
36511
36528
36545
36562
36580
36597
36614
36631
36648
36666
36683
36700
36717
36734
36752
36769
36786
36803
36820
36837
36855
36872
36889
36906
36923
36941
36958
36975
36992
37009
37026
37044
37061
37078
37095
37112
37130
37147
37164
37181
37198
37215
37233
37250
37267
37284
37301
37319
37336
37353
37370
37387
37405
37422
37439
37456
37473
37490
37508
37525
37542
37559
37576
37594
37611
37628
37645
37662
37679
37697
37737
37766
37795
37823
37852
37881
37909
37938
37967
37996
38024
38053
38082
38110
38139
38168
38197
38225
38254
38283
38311
38340
38369
38398
38426
38455
38484
38512
38541
38570
38599
38627
38656
38685
38713
38742
38771
38800
38828
38857
38886
38914
38943
38972
39001
39029
39058
39087
39115
39144
39173
39202
39230
39259
39288
39316
39345
39374
39403
39431
39460
39489
39517
39546
39575
39604
39632
39661
39690
39718
39747
39776
39805
39833
39862
39891
39919
39948
39977
40006
40034
40063
40092
40120
40149
40178
40206
40235
40264
40293
40321
40350
40379
40407
40436
40465
40494
40522
40551
40580
40608
40637
40666
40695
40723
40752
40781
40809
40838
40867
40896
40924
40953
40982
41010
41039
41068
41097
41125
41154
41183
41211
41240
41269
41298
41326
41355
41384
41412
41441
41470
41499
41527
41556
41585
41613
41642
41664
41686
41708
41730
41752
41774
41796
41818
41840
41862
41884
41907
41929
41951
41973
41995
42017
42039
42061
42083
42105
42127
42149
42172
42194
42216
42238
42260
42282
42304
42326
42348
42370
42392
42414
42436
42459
42481
42503
42525
42547
42569
42591
42613
42635
42657
42679
42701
42724
42746
42768
42790
42812
42834
42856
42878
42900
42922
42944
42966
42988
43011
43033
43055
43077
43099
43121
43143
43165
43187
43209
43231
43253
43276
43298
43320
43342
43364
43386
43408
43436
43452
43469
43485
43502
43518
43534
43551
43567
43584
43600
43617
43633
43649
43666
43682
43699
43715
43732
43748
43764
43781
43797
43814
43830
43847
43863
43879
43896
43912
43929
43945
43961
43978
43994
44011
44027
44044
44060
44076
44093
44109
44126
44142
44159
44175
44191
44208
44224
44241
44257
44274
44290
44306
44323
44339
44356
44372
44389
44405
44421
44438
44454
44471
44487
44503
44520
44536
44553
44569
44586
44602
44618
44635
44651
44668
44684
44701
44717
44733
44750
44766
44783
44799
44816
44832
44848
44865
44881
44898
44914
44931
44947
44963
44980
44996
45013
45029
45045
45062
45078
45095
45111
45128
45144
45165
45180
45194
45209
45224
45238
45253
45267
45282
45297
45311
45326
45340
45355
45370
45384
45399
45413
45428
45443
45457
45472
45486
45501
45516
45530
45545
45559
45574
45589
45603
45618
45633
45647
45662
45676
45691
45706
45720
45735
45749
45764
45779
45793
45808
45822
45837
45852
45866
45881
45895
45910
45925
45939
45954
45968
45983
45998
46012
46027
46041
46056
46071
46085
46100
46115
46129
46144
46158
46173
46188
46202
46217
46231
46246
46261
46275
46290
46304
46319
46334
46348
46363
46377
46392
46407
46421
46436
46450
46465
46480
46494
46509
46523
46538
46553
46567
46582
46597
46611
46626
46640
46655
46670
46684
46699
46713
46728
46743
46757
46772
46786
46801
46816
46830
46845
46859
46874
46889
46903
46918
46932
46947
46962
46976
46991
47005
47020
47032
47043
47055
47066
47078
47089
47100
47112
47123
47135
47146
47157
47169
47180
47192
47203
47215
47226
47237
47249
47260
47272
47283
47294
47306
47317
47329
47340
47351
47363
47374
47386
47397
47409
47420
47431
47443
47454
47466
47477
47488
47500
47511
47523
47534
47545
47557
47568
47580
47591
47603
47614
47625
47637
47648
47660
47671
47682
47694
47705
47717
47728
47739
47751
47762
47774
47785
47797
47808
47819
47831
47842
47854
47865
47876
47888
47899
47911
47922
47933
47945
47956
47968
47979
47991
48002
48013
48025
48036
48048
48059
48070
48082
48093
48105
48116
48127
48139
48150
48162
48173
48185
48196
48207
48219
48230
48242
48253
48264
48276
48287
48299
48310
48321
48333
48344
48356
48367
48379
48390
48401
48413
48424
48436
48447
48458
48470
48481
48493
48504
48515
48527
48538
48550
48561
48573
48584
48595
48607
48618
48630
48641
48651
48661
48670
48680
48689
48699
48708
48718
48728
48737
48747
48756
48766
48775
48785
48795
48804
48814
48823
48833
48842
48852
48862
48871
48881
48890
48900
48909
48919
48928
48938
48948
48957
48967
48976
48986
48995
49005
49015
49024
49034
49043
49053
49062
49072
49082
49091
49101
49110
49120
49129
49139
49148
49158
49168
49177
49187
49196
49206
49215
49225
49235
49244
49254
49263
49273
49282
49292
49302
49311
49321
49330
49340
49349
49359
49369
49378
49388
49397
49407
49416
49426
49435
49445
49455
49464
49474
49483
49493
49502
49512
49522
49531
49541
49550
49560
49569
49579
49589
49598
49608
49617
49627
49636
49646
49655
49665
49675
49684
49694
49703
49713
49722
49732
49742
49751
49761
49770
49780
49789
49799
49809
49818
49828
49837
49847
49856
49866
49882
49891
49900
49909
49919
49928
49937
49946
49956
49965
49974
49983
49993
50002
50011
50020
50030
50039
50048
50057
50067
50076
50085
50094
50103
50113
50122
50131
50140
50150
50159
50168
50177
50187
50196
50205
50214
50224
50233
50242
50251
50261
50270
50279
50288
50297
50307
50316
50325
50334
50344
50353
50362
50371
50381
50390
50399
50408
50418
50427
50436
50445
50455
50464
50473
50482
50491
50501
50510
50519
50528
50538
50547
50556
50565
50575
50584
50593
50602
50612
50621
50630
50639
50649
50658
50667
50676
50685
50695
50704
50713
50722
50732
50741
50750
50759
50769
50778
50787
50796
50806
50815
50824
50833
50843
50852
50861
50870
50879
50889
50898
50907
50916
50926
50935
50944
50953
50963
50972
50981
50990
51000
51009
51018
51027
51037
51046
51066
51080
51094
51108
51122
51136
51149
51163
51177
51191
51205
51219
51233
51246
51260
51274
51288
51302
51316
51330
51343
51357
51371
51385
51399
51413
51426
51440
51454
51468
51482
51496
51510
51523
51537
51551
51565
51579
51593
51607
51620
51634
51648
51662
51676
51690
51703
51717
51731
51745
51759
51773
51787
51800
51814
51828
51842
51856
51870
51884
51897
51911
51925
51939
51953
51967
51980
51994
52008
52022
52036
52050
52064
52077
52091
52105
52119
52133
52147
52161
52184
52205
52225
52246
52266
52287
52308
52328
52349
52369
52390
52411
52431
52452
52472
52493
52514
52534
52555
52575
52596
52617
52637
52658
52678
52699
52720
52740
52761
52781
52802
52823
52843
52864
52884
52905
52925
52946
52967
52987
53008
53028
53049
53070
53090
53111
53131
53152
53173
53193
53214
53234
53255
53276
53296
53317
53337
53358
53379
53399
53420
53440
53461
53482
53502
53523
53543
53564
53585
53605
53626
53646
53667
53687
53708
53729
53749
53770
53790
53811
53832
53852
53873
53893
53914
53935
53955
53976
53996
54017
54038
54058
54079
54099
54120
54141
54161
54182
54202
54223
54244
54264
54285
54305
54326
54347
54367
54388
54408
54429
54449
54470
54491
54511
54532
54552
54573
54594
54614
54635
54655
54676
54697
54717
54738
54758
54779
54800
54820
54841
54861
54882
54903
54923
54944
54964
54985
55006
55026
55047
55074
55094
55115
55135
55155
55176
55196
55216
55237
55257
55277
55298
55318
55338
55359
55379
55399
55420
55440
55460
55481
55501
55521
55542
55562
55582
55603
55623
55643
55664
55684
55704
55725
55745
55765
55786
55806
55826
55847
55867
55887
55908
55928
55948
55969
55989
56009
56030
56050
56070
56091
56111
56131
56152
56172
56192
56213
56233
56253
56274
56294
56315
56335
56355
56376
56396
56416
56437
56457
56477
56498
56518
56538
56559
56579
56599
56620
56640
56660
56681
56701
56721
56742
56762
56782
56803
56823
56843
56864
56884
56904
56925
56945
56965
56986
57006
57026
57047
57067
57087
57108
57128
57148
57169
57189
57209
57230
57250
57270
57291
57311
57331
57352
57372
57392
57413
57433
57453
57474
57494
57514
57535
57555
57576
57596
57616
57637
57657
57677
57698
57718
57738
57759
57779
57799
57824
57835
57846
57857
57867
57878
57889
57900
57910
57921
57932
57943
57953
57964
57975
57986
57996
58007
58018
58029
58039
58050
58061
58072
58082
58093
58104
58115
58125
58136
58147
58158
58168
58179
58190
58201
58211
58222
58233
58244
58254
58265
58276
58287
58297
58308
58319
58330
58340
58351
58362
58373
58383
58394
58405
58416
58426
58437
58448
58459
58469
58480
58491
58502
58512
58523
58534
58545
58556
58566
58577
58588
58599
58609
58620
58631
58642
58652
58663
58674
58685
58695
58706
58717
58728
58738
58749
58760
58771
58781
58792
58803
58814
58824
58835
58846
58857
58867
58878
58889
58900
58910
58921
58932
58943
58953
58964
58975
58986
58996
59007
59018
59029
59039
59050
59061
59073
59083
59092
59102
59112
59121
59131
59141
59150
59160
59170
59179
59189
59199
59208
59218
59227
59237
59247
59256
59266
59276
59285
59295
59305
59314
59324
59334
59343
59353
59362
59372
59382
59391
59401
59411
59420
59430
59440
59449
59459
59469
59478
59488
59497
59507
59517
59526
59536
59546
59555
59565
59575
59584
59594
59604
59613
59623
59632
59642
59652
59661
59671
59681
59690
59700
59710
59719
59729
59739
59748
59758
59767
59777
59787
59796
59806
59816
59825
59835
59845
59854
59864
59874
59883
59893
59902
59912
59922
59931
59941
59951
59960
59970
59980
59989
59999
60009
60018
60028
60037
60047
60057
60066
60076
60086
60095
60105
60115
60124
60134
60144
60156
60167
60178
60189
60200
60211
60222
60233
60244
60255
60266
60277
60288
60299
60311
60322
60333
60344
60355
60366
60377
60388
60399
60410
60421
60432
60443
60454
60466
60477
60488
60499
60510
60521
60532
60543
60554
60565
60576
60587
60598
60609
60621
60632
60643
60654
60665
60676
60687
60698
60709
60720
60731
60742
60753
60764
60775
60787
60798
60809
60820
60831
60842
60853
60864
60875
60886
60897
60908
60919
60930
60942
60953
60964
60975
60986
60997
61008
61019
61030
61041
61052
61063
61074
61085
61097
61108
61119
61130
61141
61152
61163
61174
61185
61196
61207
61218
61229
61240
61251
61263
61274
61285
61296
61307
61318
61329
61340
61351
61362
61373
61384
61395
61406
61418
61429
61440
61451
61462
61473
61484
61495
61506
61517
61528
61539
61550
61561
61573
61584
61595
61613
61630
61647
61664
61682
61699
61716
61733
61751
61768
61785
61802
61820
61837
61854
61871
61889
61906
61923
61940
61958
61975
61992
62009
62026
62044
62061
62078
62095
62113
62130
62147
62164
62182
62199
62216
62233
62251
62268
62285
62302
62320
62337
62354
62371
62389
62406
62423
62440
62457
62475
62492
62509
62526
62544
62561
62578
62595
62613
62630
62647
62664
62682
62699
62716
62733
62751
62768
62785
62802
62819
62837
62854
62871
62888
62906
62923
62940
62957
62975
62992
63009
63026
63044
63061
63078
63095
63113
63130
63147
63164
63182
63199
63216
63233
63250
63268
63285
63302
63319
63337
63354
63371
63388
63406
63423
63440
63457
63475
63492
63509
63526
63544
63561
63578
63595
63612
63630
63647
63664
63697
63728
63759
63790
63821
63852
63884
63915
63946
63977
64008
64039
64071
64102
64133
64164
64195
64226
64258
64289
64320
64351
64382
64413
64445
64476
64507
64538
64569
64600
64632
64663
64694
64725
64756
64787
64819
64850
64881
64912
64943
64974
65005
65037
65068
65099
65130
65161
65192
65224
65255
65286
65317
65348
65379
65411
65442
65473
65504
65535
65566
65598
65629
65660
65691
65722
65753
65785
65816
65847
65878
65909
65940
65972
66003
66034
66065
66096
66127
66159
66190
66221
66252
66283
66314
66345
66377
66408
66439
66470
66501
66532
66564
66595
66626
66657
66688
66719
66751
66782
66813
66844
66875
66906
66938
66969
67000
67031
67062
67093
67125
67156
67187
67218
67249
67280
67312
67343
67374
67405
67436
67467
67499
67530
67561
67592
67623
67654
67685
67717
67748
67779
67810
67841
67872
67904
67935
67966
67997
68028
68059
68091
68122
68153
68179
68202
68225
68248
68271
68294
68316
68339
68362
68385
68408
68431
68453
68476
68499
68522
68545
68568
68591
68613
68636
68659
68682
68705
68728
68750
68773
68796
68819
68842
68865
68887
68910
68933
68956
68979
69002
69025
69047
69070
69093
69116
69139
69162
69184
69207
69230
69253
69276
69299
69322
69344
69367
69390
69413
69436
69459
69481
69504
69527
69550
69573
69596
69618
69641
69664
69687
69710
69733
69756
69778
69801
69824
69847
69870
69893
69915
69938
69961
69984
70007
70030
70053
70075
70098
70121
70144
70167
70190
70212
70235
70258
70281
70304
70327
70349
70372
70395
70418
70441
70464
70487
70509
70532
70555
70578
70601
70624
70646
70669
70692
70715
70738
70761
70784
70806
70829
70852
70875
70898
70909
70920
70931
70942
70953
70964
70975
70986
70997
71008
71019
71030
71041
71052
71063
71074
71085
71096
71107
71118
71129
71140
71151
71162
71173
71184
71195
71206
71217
71228
71239
71250
71261
71272
71283
71294
71305
71316
71327
71338
71349
71360
71371
71382
71393
71404
71415
71426
71437
71448
71459
71470
71481
71492
71503
71514
71525
71536
71547
71558
71569
71580
71591
71602
71613
71624
71635
71646
71657
71668
71679
71690
71701
71712
71723
71734
71745
71756
71767
71778
71789
71800
71811
71822
71833
71844
71855
71866
71877
71888
71899
71910
71921
71932
71943
71954
71965
71976
71987
71998
72009
72020
72031
72042
72053
72064
72075
72086
72097
72108
72118
72129
72140
72151
72162
72173
72184
72195
72206
72217
72228
72253
72268
72283
72298
72314
72329
72344
72359
72375
72390
72405
72420
72436
72451
72466
72481
72497
72512
72527
72542
72558
72573
72588
72603
72618
72634
72649
72664
72679
72695
72710
72725
72740
72756
72771
72786
72801
72817
72832
72847
72862
72878
72893
72908
72923
72938
72954
72969
72984
72999
73015
73030
73045
73060
73076
73091
73106
73121
73137
73152
73167
73182
73198
73213
73228
73243
73259
73274
73289
73304
73319
73335
73350
73365
73380
73396
73411
73426
73441
73457
73472
73487
73502
73518
73533
73548
73563
73579
73594
73609
73624
73639
73655
73670
73685
73700
73716
73731
73746
73761
73777
73792
73807
73822
73838
73853
73868
73883
73899
73914
73929
73944
73959
73975
73990
74005
74020
74036
74051
74066
74081
74097
74112
74127
74142
74158
74173
74187
74201
74216
74230
74244
74259
74273
74287
74302
74316
74330
74345
74359
74373
74387
74402
74416
74430
74445
74459
74473
74488
74502
74516
74531
74545
74559
74574
74588
74602
74616
74631
74645
74659
74674
74688
74702
74717
74731
74745
74760
74774
74788
74802
74817
74831
74845
74860
74874
74888
74903
74917
74931
74946
74960
74974
74989
75003
75017
75031
75046
75060
75074
75089
75103
75117
75132
75146
75160
75175
75189
75203
75218
75232
75246
75260
75275
75289
75303
75318
75332
75346
75361
75375
75389
75404
75418
75432
75446
75461
75475
75489
75504
75518
75532
75547
75561
75575
75590
75604
75618
75633
75647
75661
75675
75690
75704
75718
75733
75747
75761
75776
75790
75804
75819
75833
75847
75861
75876
75890
75904
75919
75933
75968
75998
76027
76057
76087
76116
76146
76176
76205
76235
76264
76294
76324
76353
76383
76413
76442
76472
76502
76531
76561
76590
76620
76650
76679
76709
76739
76768
76798
76828
76857
76887
76916
76946
76976
77005
77035
77065
77094
77124
77154
77183
77213
77242
77272
77302
77331
77361
77391
77420
77450
77480
77509
77539
77568
77598
77628
77657
77687
77717
77746
77776
77806
77835
77865
77894
77924
77954
77983
78013
78043
78072
78102
78131
78161
78191
78220
78250
78280
78309
78339
78369
78398
78428
78457
78487
78517
78546
78576
78606
78635
78665
78695
78724
78754
78783
78813
78843
78872
78902
78932
78961
78991
79021
79050
79080
79109
79139
79169
79198
79228
79258
79287
79317
79347
79376
79406
79435
79465
79495
79524
79554
79584
79613
79643
79673
79701
79714
79726
79739
79752
79764
79777
79790
79802
79815
79828
79840
79853
79866
79878
79891
79904
79916
79929
79942
79954
79967
79979
79992
80005
80017
80030
80043
80055
80068
80081
80093
80106
80119
80131
80144
80157
80169
80182
80195
80207
80220
80232
80245
80258
80270
80283
80296
80308
80321
80334
80346
80359
80372
80384
80397
80410
80422
80435
80448
80460
80473
80485
80498
80511
80523
80536
80549
80561
80574
80587
80599
80612
80625
80637
80650
80663
80675
80688
80701
80713
80726
80738
80751
80764
80776
80789
80802
80814
80827
80840
80852
80865
80878
80890
80903
80916
80928
80941
80954
80966
80979
80991
81004
81017
81029
81042
81055
81067
81094
81109
81125
81140
81156
81171
81186
81202
81217
81233
81248
81264
81279
81294
81310
81325
81341
81356
81371
81387
81402
81418
81433
81449
81464
81479
81495
81510
81526
81541
81557
81572
81587
81603
81618
81634
81649
81664
81680
81695
81711
81726
81742
81757
81772
81788
81803
81819
81834
81849
81865
81880
81896
81911
81927
81942
81957
81973
81988
82004
82019
82035
82050
82065
82081
82096
82112
82127
82142
82158
82173
82189
82204
82220
82235
82250
82266
82281
82297
82312
82327
82343
82358
82374
82389
82405
82420
82435
82451
82466
82482
82497
82513
82528
82543
82559
82574
82590
82605
82620
82636
82651
82667
82682
82698
82713
82728
82744
82759
82775
82790
82805
82821
82836
82852
82867
82883
82898
82913
82929
82944
82960
82975
82991
83006
83021
83037
83052
83068
83083
83098
83114
83129
83145
83160
83176
83191
83206
83222
83237
83253
83268
83283
83299
83314
83329
83344
83359
83374
83389
83404
83419
83434
83449
83463
83478
83493
83508
83523
83538
83553
83568
83583
83598
83613
83627
83642
83657
83672
83687
83702
83717
83732
83747
83762
83777
83791
83806
83821
83836
83851
83866
83881
83896
83911
83926
83941
83955
83970
83985
84000
84015
84030
84045
84060
84075
84090
84105
84119
84134
84149
84164
84179
84194
84209
84224
84239
84254
84269
84283
84298
84313
84328
84343
84358
84373
84388
84403
84418
84433
84447
84462
84477
84492
84507
84522
84537
84552
84567
84582
84597
84611
84626
84641
84656
84671
84686
84701
84716
84731
84746
84761
84775
84790
84805
84820
84835
84850
84865
84880
84895
84910
84925
84939
84954
84969
84984
84999
85014
85029
85044
85059
85074
85089
85103
85118
85133
85155
85170
85185
85199
85214
85229
85244
85258
85273
85288
85303
85317
85332
85347
85362
85376
85391
85406
85421
85435
85450
85465
85480
85494
85509
85524
85539
85553
85568
85583
85597
85612
85627
85642
85656
85671
85686
85701
85715
85730
85745
85760
85774
85789
85804
85819
85833
85848
85863
85878
85892
85907
85922
85937
85951
85966
85981
85996
86010
86025
86040
86054
86069
86084
86099
86113
86128
86143
86158
86172
86187
86202
86217
86231
86246
86261
86276
86290
86305
86320
86335
86349
86364
86379
86394
86408
86423
86438
86452
86467
86482
86497
86511
86526
86541
86556
86570
86585
86600
86615
86629
86644
86659
86674
86688
86703
86718
86733
86747
86762
86777
86792
86806
86821
86836
86851
86865
86880
86895
86909
86924
86939
86954
86968
86983
86998
87026
87041
87057
87072
87088
87103
87118
87134
87149
87165
87180
87195
87211
87226
87242
87257
87272
87288
87303
87319
87334
87349
87365
87380
87396
87411
87427
87442
87457
87473
87488
87504
87519
87534
87550
87565
87581
87596
87611
87627
87642
87658
87673
87688
87704
87719
87735
87750
87766
87781
87796
87812
87827
87843
87858
87873
87889
87904
87920
87935
87950
87966
87981
87997
88012
88027
88043
88058
88074
88089
88105
88120
88135
88151
88166
88182
88197
88212
88228
88243
88259
88274
88289
88305
88320
88336
88351
88366
88382
88397
88413
88428
88444
88459
88474
88490
88505
88521
88536
88551
88567
88582
88598
88613
88628
88644
88659
88675
88690
88705
88721
88736
88752
88767
88783
88798
88813
88829
88844
88860
88875
88906
88930
88954
88978
89002
89026
89050
89074
89098
89122
89146
89171
89195
89219
89243
89267
89291
89315
89339
89363
89387
89411
89436
89460
89484
89508
89532
89556
89580
89604
89628
89652
89676
89700
89725
89749
89773
89797
89821
89845
89869
89893
89917
89941
89965
89990
90014
90038
90062
90086
90110
90134
90158
90182
90206
90230
90254
90279
90303
90327
90351
90375
90399
90423
90447
90471
90495
90519
90544
90568
90592
90616
90640
90664
90688
90712
90736
90760
90784
90808
90833
90857
90881
90905
90929
90953
90977
91001
91025
91049
91073
91098
91122
91146
91170
91194
91218
91242
91266
91290
91314
91338
91362
91387
91411
91435
91459
91483
91507
91531
91555
91579
91603
91627
91652
91676
91700
91724
91748
91774
91787
91800
91812
91825
91838
91851
91863
91876
91889
91902
91914
91927
91940
91953
91965
91978
91991
92004
92016
92029
92042
92054
92067
92080
92093
92105
92118
92131
92144
92156
92169
92182
92195
92207
92220
92233
92246
92258
92271
92284
92296
92309
92322
92335
92347
92360
92373
92386
92398
92411
92424
92437
92449
92462
92475
92488
92500
92513
92526
92539
92551
92564
92577
92589
92602
92615
92628
92640
92653
92666
92679
92691
92704
92717
92730
92742
92755
92768
92781
92793
92806
92819
92831
92844
92857
92870
92882
92895
92908
92921
92933
92946
92959
92972
92984
92997
93010
93023
93035
93048
93061
93074
93086
93099
93112
93124
93137
93150
93163
93175
93188
93201
93214
93226
93239
93252
93265
93277
93290
93303
93316
93328
93341
93354
93366
93379
93392
93405
93417
93430
93443
93456
93479
93496
93513
93529
93546
93563
93579
93596
93613
93629
93646
93663
93679
93696
93713
93730
93746
93763
93780
93796
93813
93830
93846
93863
93880
93896
93913
93930
93947
93963
93980
93997
94013
94030
94047
94063
94080
94097
94113
94130
94147
94163
94180
94197
94214
94230
94247
94264
94280
94297
94314
94330
94347
94364
94380
94397
94414
94431
94447
94464
94481
94497
94514
94531
94547
94564
94581
94597
94614
94631
94647
94664
94681
94698
94714
94731
94748
94764
94781
94798
94814
94831
94848
94864
94881
94898
94915
94931
94948
94965
94981
94998
95015
95031
95048
95065
95081
95098
95115
95132
95148
95165
95182
95198
95215
95232
95248
95265
95282
95298
95315
95332
95348
95365
95382
95399
95415
95432
95449
95465
95482
95496
95509
95522
95535
95548
95561
95575
95588
95601
95614
95627
95640
95654
95667
95680
95693
95706
95719
95732
95746
95759
95772
95785
95798
95811
95825
95838
95851
95864
95877
95890
95903
95917
95930
95943
95956
95969
95982
95996
96009
96022
96035
96048
96061
96074
96088
96101
96114
96127
96140
96153
96167
96180
96193
96206
96219
96232
96245
96259
96272
96285
96298
96311
96324
96338
96351
96364
96377
96390
96403
96416
96430
96443
96456
96469
96482
96495
96509
96522
96535
96548
96561
96574
96587
96601
96614
96627
96640
96653
96666
96680
96693
96706
96719
96732
96745
96758
96772
96785
96798
96811
96824
96837
96851
96864
96877
96890
96903
96916
96929
96943
96956
96969
96982
96995
97015
97027
97039
97051
97064
97076
97088
97100
97113
97125
97137
97149
97162
97174
97186
97198
97211
97223
97235
97247
97260
97272
97284
97296
97309
97321
97333
97345
97358
97370
97382
97394
97407
97419
97431
97443
97456
97468
97480
97492
97505
97517
97529
97541
97554
97566
97578
97590
97603
97615
97627
97639
97652
97664
97676
97688
97701
97713
97725
97737
97750
97762
97774
97786
97799
97811
97823
97835
97848
97860
97872
97884
97897
97909
97921
97933
97946
97958
97970
97982
97995
98007
98019
98031
98043
98056
98068
98080
98092
98105
98117
98129
98141
98154
98166
98178
98190
98203
98215
98227
98239
98252
98264
98276
98288
98301
98313
98325
98337
98350
98362
98374
98386
98399
98411
98423
98435
98448
98460
98472
98484
98497
98509
98521
98533
98546
98558
98570
98582
98605
98617
98629
98641
98653
98665
98677
98689
98701
98713
98725
98737
98749
98761
98773
98785
98797
98809
98821
98833
98845
98857
98869
98881
98893
98905
98917
98929
98941
98953
98965
98977
98989
99001
99013
99025
99037
99049
99061
99073
99085
99097
99109
99121
99133
99145
99157
99169
99181
99193
99205
99217
99229
99241
99253
99265
99277
99289
99301
99313
99325
99337
99349
99361
99373
99385
99397
99409
99421
99433
99445
99457
99469
99481
99493
99505
99517
99529
99541
99553
99565
99577
99589
99601
99613
99625
99637
99649
99661
99673
99685
99697
99709
99721
99733
99745
99757
99769
99781
99793
99805
99817
99829
99841
99853
99865
99877
99889
99901
99913
99925
99937
99949
99961
99973
99985
99997
100009
100021
100033
100045
100057
100069
100081
100093
100105
100117
100129
100141
100153
100165
100177
100196
100209
100222
100235
100248
100261
100274
100286
100299
100312
100325
100338
100351
100364
100377
100389
100402
100415
100428
100441
100454
100467
100480
100492
100505
100518
100531
100544
100557
100570
100583
100595
100608
100621
100634
100647
100660
100673
100686
100698
100711
100724
100737
100750
100763
100776
100789
100801
100814
100827
100840
100853
100866
100879
100892
100904
100917
100930
100943
100956
100969
100982
100995
101007
101020
101033
101046
101059
101072
101085
101098
101110
101123
101136
101149
101162
101175
101188
101201
101213
101226
101239
101252
101265
101278
101291
101304
101316
101329
101342
101355
101368
101381
101394
101407
101419
101432
101445
101458
101471
101484
101497
101510
101522
101535
101548
101561
101574
101587
101600
101613
101625
101638
101651
101664
101677
101697
101711
101725
101739
101753
101766
101780
101794
101808
101822
101836
101849
101863
101877
101891
101905
101918
101932
101946
101960
101974
101988
102001
102015
102029
102043
102057
102070
102084
102098
102112
102126
102140
102153
102167
102181
102195
102209
102223
102236
102250
102264
102278
102292
102305
102319
102333
102347
102361
102375
102388
102402
102416
102430
102444
102457
102471
102485
102499
102513
102527
102540
102554
102568
102582
102596
102609
102623
102637
102651
102665
102679
102692
102706
102720
102734
102748
102762
102775
102789
102803
102817
102831
102844
102858
102872
102886
102900
102914
102927
102941
102955
102969
102983
102996
103010
103024
103038
103052
103066
103079
103093
103107
103121
103135
103148
103162
103176
103190
103204
103218
103231
103245
103259
103273
103287
103301
103314
103328
103342
103366
103378
103390
103402
103413
103425
103437
103449
103461
103472
103484
103496
103508
103520
103531
103543
103555
103567
103579
103590
103602
103614
103626
103638
103649
103661
103673
103685
103697
103708
103720
103732
103744
103756
103767
103779
103791
103803
103815
103826
103838
103850
103862
103874
103885
103897
103909
103921
103933
103944
103956
103968
103980
103992
104003
104015
104027
104039
104051
104062
104074
104086
104098
104110
104121
104133
104145
104157
104169
104180
104192
104204
104216
104228
104239
104251
104263
104275
104287
104298
104310
104322
104334
104346
104357
104369
104381
104393
104405
104416
104428
104440
104452
104464
104475
104487
104499
104511
104523
104534
104546
104558
104570
104582
104593
104605
104617
104629
104641
104652
104664
104676
104688
104700
104711
104723
104735
104747
104759
104770
104782
104794
104806
104818
104836
104848
104860
104872
104884
104896
104908
104920
104932
104944
104956
104968
104980
104992
105004
105016
105028
105040
105052
105064
105076
105088
105100
105112
105124
105136
105148
105159
105171
105183
105195
105207
105219
105231
105243
105255
105267
105279
105291
105303
105315
105327
105339
105351
105363
105375
105387
105399
105411
105423
105435
105447
105459
105471
105483
105494
105506
105518
105530
105542
105554
105566
105578
105590
105602
105614
105626
105638
105650
105662
105674
105686
105698
105710
105722
105734
105746
105758
105770
105782
105794
105806
105818
105829
105841
105853
105865
105877
105889
105901
105913
105925
105937
105949
105961
105973
105985
105997
106009
106021
106033
106045
106057
106069
106081
106093
106105
106117
106129
106141
106152
106164
106176
106188
106200
106218
106231
106244
106257
106270
106283
106295
106308
106321
106334
106347
106360
106372
106385
106398
106411
106424
106437
106449
106462
106475
106488
106501
106514
106526
106539
106552
106565
106578
106591
106603
106616
106629
106642
106655
106668
106681
106693
106706
106719
106732
106745
106758
106770
106783
106796
106809
106822
106835
106847
106860
106873
106886
106899
106912
106924
106937
106950
106963
106976
106989
107001
107014
107027
107040
107053
107066
107078
107091
107104
107117
107130
107143
107156
107168
107181
107194
107207
107220
107233
107245
107258
107271
107284
107297
107310
107322
107335
107348
107361
107374
107387
107399
107412
107425
107438
107451
107464
107476
107489
107502
107515
107528
107541
107554
107566
107579
107592
107605
107618
107631
107643
107656
107669
107682
107695
107708
107720
107733
107746
107759
107772
107785
107797
107810
107823
107836
107849
107862
107874
107887
107900
107913
107926
107939
107951
107964
107977
107990
108003
108016
108029
108056
108076
108096
108117
108137
108157
108178
108198
108218
108238
108259
108279
108299
108320
108340
108360
108380
108401
108421
108441
108462
108482
108502
108522
108543
108563
108583
108604
108624
108644
108664
108685
108705
108725
108746
108766
108786
108806
108827
108847
108867
108888
108908
108928
108948
108969
108989
109009
109030
109050
109070
109090
109111
109131
109151
109172
109192
109212
109232
109253
109273
109293
109314
109334
109354
109374
109395
109415
109435
109456
109476
109496
109517
109537
109557
109577
109598
109618
109638
109659
109679
109699
109719
109740
109760
109780
109801
109821
109841
109861
109882
109902
109922
109943
109963
109983
110003
110024
110044
110064
110085
110105
110125
110145
110166
110186
110206
110227
110247
110267
110287
110308
110328
110348
110369
110389
110409
110429
110450
110470
110490
110511
110549
110571
110594
110616
110638
110661
110683
110706
110728
110750
110773
110795
110818
110840
110862
110885
110907
110929
110952
110974
110997
111019
111041
111064
111086
111109
111131
111153
111176
111198
111220
111243
111265
111288
111310
111332
111355
111377
111400
111422
111444
111467
111489
111511
111534
111556
111579
111601
111623
111646
111668
111691
111713
111735
111758
111780
111802
111825
111847
111870
111892
111914
111937
111959
111982
112004
112026
112049
112071
112093
112116
112138
112161
112183
112205
112228
112250
112273
112295
112317
112340
112362
112384
112407
112429
112452
112474
112496
112519
112541
112564
112586
112608
112631
112653
112675
112692
112706
112721
112735
112749
112764
112778
112792
112807
112821
112836
112850
112864
112879
112893
112907
112922
112936
112950
112965
112979
112994
113008
113022
113037
113051
113065
113080
113094
113108
113123
113137
113152
113166
113180
113195
113209
113223
113238
113252
113266
113281
113295
113310
113331
113345
113358
113372
113385
113399
113412
113426
113439
113453
113466
113480
113493
113507
113520
113534
113547
113561
113574
113588
113602
113615
113629
113642
113656
113669
113683
113696
113710
113723
113737
113750
113764
113777
113791
113804
113818
113831
113845
113859
113872
113886
113899
113913
113926
113940
113953
113967
113980
113994
114007
114021
114034
114048
114061
114075
114088
114102
114116
114129
114143
114156
114170
114183
114197
114210
114224
114237
114251
114264
114278
114291
114305
114318
114332
114345
114359
114373
114386
114400
114413
114427
114440
114454
114467
114481
114494
114508
114521
114535
114548
114562
114575
114589
114602
114616
114630
114643
114657
114670
114684
114697
114711
114724
114738
114751
114765
114778
114792
114805
114819
114832
114846
114859
114873
114887
114900
114914
114927
114941
114954
114968
114981
114995
115008
115022
115035
115049
115062
115076
115089
115103
115116
115130
115144
115157
115171
115184
115198
115211
115225
115238
115252
115265
115279
115292
115306
115319
115333
115346
115360
115373
115387
115401
115414
115428
115441
115455
115468
115482
115495
115509
115522
115543
115558
115572
115587
115601
115616
115630
115645
115659
115674
115688
115703
115717
115732
115746
115761
115775
115790
115804
115819
115833
115848
115862
115877
115891
115906
115920
115935
115949
115964
115978
115993
116007
116022
116036
116051
116066
116080
116095
116109
116124
116138
116153
116167
116182
116196
116211
116225
116240
116254
116269
116283
116298
116312
116327
116341
116356
116370
116385
116399
116414
116428
116443
116457
116472
116486
116501
116515
116530
116544
116559
116573
116588
116603
116617
116632
116646
116661
116675
116690
116704
116719
116733
116748
116762
116777
116791
116806
116820
116835
116849
116864
116878
116893
116907
116922
116936
116951
116965
116980
116994
117009
117023
117038
117052
117067
117081
117096
117110
117125
117140
117154
117169
117183
117198
117212
117227
117241
117256
117270
117285
117311
117324
117337
117350
117363
117376
117389
117402
117415
117428
117441
117454
117467
117480
117493
117506
117519
117532
117545
117558
117571
117584
117597
117610
117623
117636
117649
117662
117675
117688
117701
117714
117727
117740
117753
117766
117779
117792
117805
117818
117831
117844
117857
117870
117883
117896
117909
117922
117935
117948
117961
117974
117987
118000
118013
118026
118039
118052
118065
118078
118091
118104
118117
118130
118143
118156
118169
118182
118195
118208
118221
118234
118247
118260
118273
118286
118299
118312
118325
118338
118351
118364
118377
118390
118403
118416
118429
118442
118455
118468
118481
118494
118507
118520
118533
118546
118559
118572
118585
118598
118611
118624
118637
118650
118663
118676
118689
118702
118715
118728
118741
118754
118767
118780
118793
118806
118819
118832
118845
118858
118871
118884
118897
118910
118923
118936
118949
118962
118975
118988
119015
119030
119045
119060
119075
119090
119105
119120
119135
119150
119165
119180
119195
119210
119225
119240
119255
119270
119285
119300
119315
119330
119345
119360
119375
119391
119406
119421
119436
119451
119466
119481
119496
119511
119526
119541
119556
119571
119586
119601
119616
119631
119646
119661
119676
119691
119706
119738
119755
119772
119790
119807
119824
119842
119859
119876
119893
119911
119928
119945
119963
119980
119997
120015
120032
120049
120066
120084
120101
120118
120136
120153
120170
120188
120205
120222
120239
120257
120274
120291
120309
120337
120353
120369
120385
120401
120417
120433
120449
120465
120481
120497
120513
120529
120545
120562
120578
120594
120610
120626
120642
120658
120674
120690
120706
120722
120738
120754
120770
120787
120803
120819
120835
120851
120867
120883
120899
120915
120931
120947
120963
120979
120995
121012
121028
121044
121060
121076
121092
121108
121124
121140
121156
121172
121188
121204
121220
121236
121253
121269
121285
