0
11
21
30
40
49
59
68
78
88
97
107
116
126
135
145
155
164
174
183
193
202
212
222
231
241
250
260
269
279
289
298
308
317
327
336
346
355
365
375
384
394
403
413
422
432
442
451
461
470
480
489
499
509
518
528
537
547
556
566
576
585
595
604
614
623
633
643
652
662
671
681
690
700
709
719
729
738
748
757
767
776
786
796
805
815
824
834
843
853
863
872
882
891
901
910
920
930
939
949
958
968
977
987
997
1006
1016
1025
1035
1044
1054
1063
1073
1083
1092
1102
1111
1121
1130
1140
1150
1159
1169
1178
1188
1197
1207
1217
1226
1236
1245
1255
1264
1274
1284
1293
1303
1312
1322
1331
1341
1350
1360
1370
1379
1389
1398
1408
1417
1427
1437
1446
1456
1465
1475
1484
1494
1504
1513
1523
1532
1542
1551
1561
1571
1581
1591
1601
1610
1620
1630
1640
1649
1659
1669
1679
1688
1698
1708
1718
1727
1737
1747
1757
1766
1776
1786
1796
1805
1815
1825
1834
1844
1854
1864
1873
1883
1893
1903
1912
1922
1932
1942
1951
1961
1971
1981
1990
2000
2010
2020
2029
2039
2049
2059
2068
2078
2088
2097
2107
2117
2127
2136
2146
2156
2166
2175
2185
2195
2205
2214
2224
2234
2244
2253
2263
2273
2283
2292
2302
2312
2322
2331
2341
2351
2360
2370
2380
2390
2399
2409
2419
2429
2438
2448
2458
2468
2477
2487
2497
2507
2516
2526
2536
2546
2562
2572
2582
2592
2602
2611
2621
2631
2641
2651
2660
2670
2680
2690
2700
2709
2719
2729
2739
2749
2758
2768
2778
2788
2798
2807
2817
2827
2837
2847
2856
2866
2876
2886
2896
2906
2915
2925
2935
2945
2955
2964
2974
2984
2994
3004
3013
3023
3033
3043
3053
3062
3072
3082
3092
3102
3111
3121
3131
3141
3151
3160
3170
3180
3190
3200
3210
3219
3229
3239
3249
3259
3268
3278
3288
3298
3308
3317
3327
3337
3347
3357
3366
3376
3386
3396
3406
3415
3425
3435
3445
3455
3464
3474
3484
3494
3504
3513
3523
3533
3543
3553
3563
3572
3582
3592
3602
3612
3621
3631
3641
3649
3657
3665
3673
3681
3689
3697
3705
3713
3721
3729
3737
3745
3753
3761
3769
3777
3786
3794
3802
3810
3818
3826
3834
3842
3850
3858
3866
3874
3882
3890
3898
3906
3914
3922
3930
3939
3947
3955
3963
3971
3979
3987
3995
4003
4011
4019
4027
4035
4043
4051
4059
4067
4075
4084
4092
4100
4108
4116
4124
4132
4140
4148
4156
4164
4172
4180
4188
4196
4204
4212
4220
4228
4237
4245
4253
4261
4269
4277
4285
4293
4301
4309
4317
4325
4333
4341
4349
4357
4365
4373
4382
4390
4398
4406
4414
4422
4430
4438
4446
4454
4462
4470
4478
4486
4494
4502
4510
4518
4526
4535
4543
4551
4559
4567
4575
4583
4591
4599
4607
4615
4623
4631
4639
4647
4655
4663
4671
4679
4688
4696
4704
4712
4720
4728
4736
4744
4752
4760
4772
4780
4788
4797
4805
4813
4822
4830
4838
4846
4855
4863
4871
4880
4888
4896
4904
4913
4921
4929
4938
4946
4954
4963
4971
4979
4987
4996
5004
5012
5021
5029
5037
5045
5054
5062
5070
5079
5087
5095
5104
5112
5120
5128
5137
5145
5153
5162
5170
5178
5186
5195
5203
5211
5220
5228
5236
5244
5253
5261
5269
5278
5286
5294
5303
5311
5319
5327
5336
5344
5352
5361
5369
5377
5385
5394
5402
5410
5419
5427
5435
5444
5452
5460
5468
5477
5485
5493
5502
5510
5518
5526
5535
5543
5551
5560
5568
5576
5584
5593
5601
5609
5618
5626
5634
5643
5651
5659
5667
5676
5684
5692
5701
5709
5717
5725
5734
5742
5750
5759
5767
5775
5784
5792
5800
5808
5817
5825
5833
5842
5850
5858
5866
5875
5883
5891
5900
5908
5916
5924
5932
5940
5948
5956
5964
5972
5980
5988
5996
6004
6012
6020
6027
6035
6043
6051
6059
6067
6075
6083
6091
6099
6107
6115
6123
6130
6138
6146
6154
6162
6170
6178
6186
6194
6202
6210
6218
6226
6233
6241
6249
6257
6265
6273
6281
6289
6297
6305
6313
6321
6329
6336
6344
6352
6360
6368
6376
6384
6392
6400
6408
6416
6424
6432
6439
6447
6455
6463
6471
6479
6487
6495
6503
6511
6519
6527
6535
6542
6550
6558
6566
6574
6582
6590
6598
6606
6614
6622
6630
6638
6645
6653
6661
6669
6677
6685
6693
6701
6709
6717
6725
6733
6741
6748
6756
6764
6772
6780
6788
6796
6804
6812
6820
6828
6836
6844
6851
6859
6867
6875
6883
6891
6899
6907
6915
6923
6931
6939
6946
6954
6962
6970
6978
6986
6994
7002
7010
7022
7030
7037
7045
7053
7060
7068
7076
7083
7091
7099
7106
7114
7122
7129
7137
7145
7152
7160
7167
7175
7183
7190
7198
7206
7213
7221
7229
7236
7244
7252
7259
7267
7275
7282
7290
7297
7305
7313
7320
7328
7336
7343
7351
7359
7366
7374
7382
7389
7397
7405
7412
7420
7427
7435
7443
7450
7458
7466
7473
7481
7489
7496
7504
7512
7519
7527
7535
7542
7550
7557
7565
7573
7580
7588
7596
7603
7611
7619
7626
7634
7642
7649
7657
7665
7672
7680
7687
7695
7703
7710
7718
7726
7733
7741
7749
7756
7764
7772
7779
7787
7795
7802
7810
7817
7825
7833
7840
7848
7856
7863
7871
7879
7895
7905
7916
7926
7937
7947
7957
7968
7978
7989
7999
8010
8020
8030
8041
8051
8062
8072
8083
8093
8103
8114
8124
8135
8145
8155
8166
8176
8187
8197
8208
8218
8228
8239
8249
8260
8270
8281
8291
8301
8312
8322
8333
8343
8354
8364
8374
8385
8395
8406
8416
8426
8437
8447
8458
8468
8479
8489
8499
8510
8520
8531
8541
8552
8562
8572
8583
8593
8604
8614
8624
8635
8645
8656
8666
8677
8687
8697
8708
8718
8729
8739
8750
8760
8770
8781
8791
8802
8812
8823
8833
8843
8854
8864
8875
8885
8895
8906
8916
8927
8937
8948
8958
8968
8979
8989
9000
9010
9021
9031
9041
9052
9062
9073
9083
9093
9104
9114
9125
9135
9146
9156
9166
9177
9187
9198
9208
9219
9229
9239
9250
9260
9271
9281
9292
9302
9312
9323
9333
9342
9348
9354
9361
9367
9373
9380
9386
9392
9398
9405
9411
9417
9424
9430
9436
9442
9449
9455
9461
9468
9474
9480
9486
9493
9499
9505
9512
9518
9524
9530
9537
9543
9549
9556
9562
9568
9575
9581
9587
9593
9600
9606
9612
9619
9625
9631
9637
9644
9650
9656
9663
9669
9675
9681
9688
9694
9700
9707
9713
9719
9725
9732
9738
9744
9751
9757
9763
9770
9776
9782
9788
9795
9801
9807
9814
9820
9826
9832
9839
9845
9851
9858
9864
9870
9876
9883
9889
9895
9902
9908
9914
9920
9927
9933
9939
9946
9952
9958
9965
9971
9977
9983
9990
9996
10002
10009
10015
10021
10027
10034
10040
10046
10053
10059
10065
10071
10078
10084
10090
10097
10103
10109
10115
10122
10128
10134
10141
10147
10153
10160
10166
10172
10186
10196
10206
10216
10226
10236
10246
10256
10266
10276
10286
10296
10306
10316
10326
10336
10346
10356
10366
10376
10386
10396
10406
10416
10426
10436
10446
10456
10466
10476
10486
10496
10506
10516
10526
10536
10546
10556
10566
10576
10586
10596
10606
10616
10626
10635
10645
10655
10665
10675
10685
10695
10705
10715
10725
10735
10745
10755
10765
10775
10785
10795
10805
10815
10825
10835
10845
10855
10865
10875
10885
10895
10905
10915
10925
10935
10945
10955
10965
10975
10985
10995
11005
11015
11025
11035
11045
11055
11065
11075
11084
11094
11104
11114
11124
11134
11144
11154
11164
11174
11184
11194
11204
11214
11224
11234
11244
11254
11264
11274
11284
11294
11304
11314
11324
11334
11344
11354
11364
11374
11384
11394
11404
11414
11424
11434
11444
11454
11464
11474
11484
11494
11504
11514
11524
11533
11548
11559
11570
11581
11592
11603
11614
11625
11636
11647
11658
11669
11680
11691
11703
11714
11725
11736
11747
11758
11769
11780
11791
11802
11813
11824
11835
11846
11857
11869
11880
11891
11902
11913
11924
11935
11946
11957
11968
11979
11990
12001
12012
12024
12035
12046
12057
12068
12079
12090
12101
12112
12123
12134
12145
12156
12167
12178
12190
12201
12212
12223
12234
12245
12256
12267
12278
12289
12300
12311
12322
12333
12345
12356
12367
12378
12389
12400
12411
12422
12433
12444
12455
12466
12477
12488
12499
12511
12522
12533
12544
12555
12566
12577
12588
12599
12610
12621
12632
12643
12654
12666
12677
12688
12699
12710
12721
12732
12743
12754
12765
12776
12795
12804
12812
12821
12829
12838
12846
12855
12863
12872
12880
12889
12897
12906
12914
12923
12931
12940
12948
12957
12965
12974
12982
12991
12999
13008
13016
13025
13033
13042
13050
13059
13067
13076
13084
13093
13101
13110
13118
13127
13135
13144
13152
13161
13169
13178
13186
13195
13203
13212
13220
13229
13237
13246
13254
13263
13271
13280
13288
13297
13305
13314
13322
13331
13339
13348
13357
13365
13374
13382
13391
13399
13408
13416
13425
13433
13442
13450
13459
13467
13476
13484
13493
13501
13510
13518
13527
13535
13544
13552
13561
13569
13578
13586
13595
13603
13612
13620
13629
13637
13646
13654
13663
13671
13680
13688
13697
13705
13714
13722
13731
13739
13748
13756
13765
13773
13782
13790
13799
13807
13816
13824
13833
13841
13850
13858
13867
13875
13884
13892
13901
13909
13918
13927
13935
13948
13959
13970
13981
13992
14003
14014
14025
14036
14047
14058
14069
14080
14091
14102
14113
14124
14135
14146
14157
14168
14179
14190
14201
14212
14223
14234
14245
14256
14267
14278
14289
14300
14311
14322
14333
14344
14355
14366
14377
14388
14399
14410
14421
14432
14443
14454
14465
14476
14487
14498
14509
14520
14531
14542
14553
14564
14575
14586
14597
14608
14619
14630
14641
14652
14663
14674
14685
14696
14707
14718
14729
14740
14751
14762
14773
14784
14795
14806
14817
14828
14839
14850
14861
14872
14883
14894
14905
14916
14927
14938
14949
14960
14971
14982
14993
15004
15015
15026
15036
15047
15058
15069
15080
15091
15102
15113
15124
15135
15146
15157
15168
15179
15190
15201
15212
15223
15234
15251
15264
15278
15291
15304
15318
15331
15344
15358
15371
15384
15398
15411
15424
15438
15451
15464
15478
15491
15504
15518
15531
15545
15558
15571
15585
15598
15611
15625
15638
15651
15665
15678
15691
15705
15718
15731
15745
15758
15771
15785
15798
15812
15825
15838
15852
15865
15878
15892
15905
15918
15932
15945
15958
15972
15985
15998
16012
16025
16038
16052
16065
16079
16092
16105
16119
16132
16145
16159
16172
16185
16199
16212
16225
16239
16252
16265
16279
16292
16305
16319
16332
16346
16359
16372
16386
16399
16412
16426
16439
16452
16466
16479
16492
16506
16519
16532
16546
16559
16572
16586
16599
16613
16626
16639
16653
16666
16679
16693
16706
16719
16733
16746
16759
16773
16786
16799
16813
16826
16839
16853
16866
16880
16893
16906
16920
16941
16954
16967
16980
16992
17005
17018
17031
17044
17056
17069
17082
17095
17108
17120
17133
17146
17159
17172
17184
17197
17210
17223
17236
17248
17261
17274
17287
17300
17312
17325
17338
17351
17364
17376
17389
17402
17415
17428
17440
17453
17466
17479
17492
17504
17517
17530
17543
17556
17568
17581
17594
17607
17620
17632
17645
17658
17671
17684
17696
17709
17722
17735
17748
17760
17773
17786
17799
17811
17824
17837
17850
17863
17875
17888
17901
17914
17927
17939
17952
17965
17978
17991
18003
18016
18029
18042
18055
18067
18080
18093
18106
18119
18131
18144
18160
18171
18182
18193
18204
18215
18227
18238
18249
18260
18271
18282
18294
18305
18316
18327
18338
18349
18361
18372
18383
18394
18405
18416
18428
18439
18450
18461
18472
18483
18495
18506
18517
18528
18539
18550
18562
18573
18584
18595
18606
18617
18629
18640
18651
18662
18673
18684
18696
18707
18718
18729
18740
18751
18763
18774
18785
18796
18807
18818
18830
18841
18852
18863
18874
18885
18897
18908
18919
18930
18941
18952
18964
18975
18986
18997
19008
19019
19031
19042
19053
19064
19075
19086
19098
19109
19120
19131
19142
19153
19165
19176
19187
19198
19209
19220
19232
19243
19254
19265
19276
19287
19299
19310
19321
19332
19343
19354
19366
19377
19388
19399
19410
19421
19433
19444
19455
19466
19477
19488
19500
19511
19522
19533
19544
19555
19567
19578
19589
19600
19611
19622
19634
19645
19656
19667
19678
19689
19701
19712
19731
19742
19753
19764
19775
19786
19797
19808
19820
19831
19842
19853
19864
19875
19886
19897
19909
19920
19931
19942
19953
19964
19975
19986
19998
20009
20020
20031
20042
20053
20064
20075
20087
20098
20109
20120
20131
20142
20153
20164
20176
20187
20198
20209
20220
20231
20242
20253
20265
20276
20287
20298
20309
20320
20331
20342
20354
20365
20376
20387
20398
20409
20420
20431
20443
20454
20465
20476
20487
20498
20509
20520
20532
20543
20554
20565
20576
20587
20598
20609
20621
20632
20643
20654
20665
20682
20694
20706
20718
20731
20743
20755
20767
20779
20792
20804
20816
20828
20840
20853
20865
20877
20889
20901
20914
20926
20938
20950
20963
20975
20987
20999
21011
21024
21036
21048
21060
21072
21085
21097
21109
21121
21133
21146
21158
21170
21182
21194
21207
21219
21231
21243
21256
21268
21280
21292
21304
21317
21329
21341
21353
21365
21378
21390
21402
21414
21426
21439
21451
21463
21475
21488
21500
21512
21524
21536
21549
21561
21573
21585
21597
21610
21622
21634
21646
21658
21671
21683
21695
21707
21719
21732
21744
21756
21768
21781
21793
21805
21817
21829
21842
21854
21866
21878
21890
21903
21915
21927
21939
21951
21964
21982
21994
22006
22018
22030
22042
22054
22066
22077
22089
22101
22113
22125
22137
22149
22161
22172
22184
22196
22208
22220
22232
22244
22256
22267
22279
22291
22303
22315
22327
22339
22351
22362
22374
22386
22398
22410
22422
22434
22446
22457
22469
22481
22493
22505
22517
22529
22541
22553
22564
22576
22588
22600
22612
22624
22636
22648
22659
22671
22683
22695
22707
22719
22731
22743
22754
22766
22778
22790
22802
22814
22826
22838
22849
22861
22873
22885
22897
22909
22921
22933
22944
22956
22968
22980
22992
23004
23016
23028
23040
23051
23063
23075
23087
23099
23111
23123
23135
23146
23158
23170
23182
23194
23206
23218
23230
23241
23253
23265
23277
23289
23301
23313
23325
23336
23348
23360
23372
23384
23396
23408
23420
23431
23443
23455
23467
23479
23491
23503
23522
23534
23545
23557
23569
23580
23592
23604
23615
23627
23639
23650
23662
23674
23685
23697
23709
23720
23732
23744
23755
23767
23779
23790
23802
23814
23825
23837
23849
23860
23872
23884
23895
23907
23919
23930
23942
23954
23965
23977
23989
24000
24012
24023
24035
24047
24058
24070
24082
24093
24105
24117
24128
24140
24152
24163
24175
24187
24198
24210
24222
24233
24245
24257
24268
24280
24292
24303
24315
24327
24338
24350
24362
24373
24385
24397
24408
24420
24432
24443
24455
24467
24478
24490
24501
24513
24525
24536
24548
24560
24571
24583
24595
24606
24618
24630
24641
24653
24665
24676
24688
24700
24711
24723
24735
24746
24758
24770
24781
24793
24805
24816
24828
24840
24851
24863
24875
24886
24898
24910
24921
24933
24945
24956
24968
24979
24991
25003
25014
25026
25038
25049
25061
25073
25084
25096
25108
25119
25131
25143
25154
25166
25186
25202
25218
25234
25250
25266
25282
25298
25314
25329
25345
25361
25377
25393
25409
25425
25441
25457
25473
25488
25504
25520
25536
25552
25568
25584
25600
25616
25632
25647
25663
25679
25695
25711
25727
25743
25759
25775
25791
25806
25822
25838
25854
25870
25886
25902
25918
25934
25950
25965
25981
25997
26013
26029
26045
26061
26077
26093
26108
26124
26140
26156
26172
26188
26204
26220
26236
26252
26267
26283
26299
26315
26331
26347
26363
26379
26395
26411
26426
26442
26458
26474
26490
26506
26522
26538
26554
26570
26585
26601
26617
26633
26649
26665
26681
26697
26713
26729
26744
26760
26776
26792
26808
26824
26840
26856
26872
26887
26903
26919
26935
26951
26967
26983
26999
27015
27031
27046
27062
27078
27094
27110
27126
27142
27164
27176
27188
27200
27212
27225
27237
27249
27261
27273
27285
27298
27310
27322
27334
27346
27358
27371
27383
27395
27407
27419
27431
27444
27456
27468
27480
27492
27505
27517
27529
27541
27553
27565
27578
27590
27602
27614
27626
27638
27651
27663
27675
27687
27699
27711
27724
27736
27748
27760
27772
27785
27797
27809
27821
27833
27845
27858
27870
27882
27894
27906
27918
27931
27943
27955
27967
27979
27991
28004
28016
28028
28040
28052
28065
28077
28089
28101
28113
28125
28138
28150
28162
28174
28186
28198
28211
28223
28235
28247
28259
28271
28284
28296
28308
28320
28332
28345
28357
28369
28381
28393
28405
28418
28430
28442
28454
28466
28478
28491
28503
28515
28527
28539
28551
28564
28576
28588
28600
28612
28625
28637
28649
28661
28682
28692
28703
28713
28723
28734
28744
28754
28765
28775
28785
28796
28806
28816
28827
28837
28847
28858
28868
28878
28889
28899
28909
28920
28930
28940
28951
28961
28971
28982
28992
29002
29013
29023
29034
29044
29054
29065
29075
29085
29096
29106
29116
29127
29137
29147
29158
29168
29178
29189
29199
29209
29220
29230
29240
29251
29261
29271
29282
29292
29302
29313
29323
29333
29344
29354
29365
29375
29385
29396
29406
29416
29427
29437
29447
29458
29468
29478
29489
29499
29509
29520
29530
29544
29555
29566
29577
29588
29599
29610
29622
29633
29644
29655
29666
29677
29688
29699
29711
29722
29733
29744
29755
29766
29777
29789
29800
29811
29822
29833
29844
29855
29866
29878
29889
29900
29911
29922
29933
29944
29955
29967
29978
29989
30000
30011
30022
30033
30045
30056
30067
30078
30089
30100
30111
30122
30134
30145
30156
30167
30178
30189
30200
30212
30223
30234
30245
30256
30267
30278
30289
30301
30312
30323
30334
30345
30356
30367
30378
30390
30401
30412
30423
30434
30445
30456
30468
30479
30490
30501
30512
30523
30534
30545
30557
30568
30579
30590
30601
30612
30623
30634
30646
30657
30668
30679
30690
30701
30712
30724
30735
30746
30757
30768
30779
30790
30801
30813
30824
30835
30846
30857
30868
30879
30891
30902
30913
30924
30935
30946
30957
30968
30980
30991
31002
31013
31024
31035
31046
31057
31069
31080
31091
31102
31113
31124
31141
31150
31158
31167
31175
31184
31192
31201
31210
31218
31227
31235
31244
31252
31261
31270
31278
31287
31295
31304
31312
31321
31330
31338
31347
31355
31364
31372
31381
31389
31398
31407
31415
31424
31432
31441
31449
31458
31467
31475
31484
31492
31501
31509
31518
31527
31535
31544
31552
31561
31569
31578
31586
31595
31604
31612
31621
31629
31638
31646
31655
31664
31672
31681
31689
31698
31706
31715
31724
31732
31741
31749
31758
31766
31775
31783
31792
31801
31809
31818
31826
31835
31843
31852
31861
31869
31878
31886
31895
31903
31912
31921
31929
31938
31946
31955
31963
31972
31980
31989
31998
32006
32015
32023
32032
32040
32049
32058
32066
32075
32083
32092
32100
32109
32118
32126
32135
32143
32152
32160
32169
32177
32186
32195
32203
32212
32220
32229
32237
32246
32255
32263
32272
32280
32289
32297
32306
32315
32323
32332
32340
32349
32362
32371
32379
32388
32396
32405
32414
32422
32431
32439
32448
32456
32465
32474
32482
32491
32499
32508
32516
32525
32534
32542
32551
32559
32568
32576
32585
32594
32602
32611
32619
32628
32636
32645
32654
32662
32671
32679
32688
32696
32705
32714
32722
32731
32739
32748
32756
32765
32774
32782
32791
32799
32808
32816
32825
32834
32842
32851
32859
32868
32876
32885
32894
32902
32911
32919
32928
32936
32945
32954
32962
32971
32979
32988
32996
33005
33014
33022
33031
33039
33048
33056
33065
33074
33082
33091
33099
33108
33116
33125
33134
33142
33151
33159
33168
33176
33185
33194
33202
33211
33219
33228
33236
33245
33254
33262
33271
33279
33288
33296
33305
33314
33322
33331
33339
33348
33356
33375
33387
33399
33411
33423
33435
33447
33459
33471
33483
33495
33507
33519
33531
33543
33555
33567
33579
33591
33602
33614
33626
33638
33650
33662
33674
33686
33698
33710
33722
33734
33746
33758
33770
33782
33794
33806
33818
33829
33841
33853
33865
33877
33889
33901
33913
33925
33937
33949
33961
33973
33985
33997
34009
34021
34033
34045
34056
34068
34080
34092
34104
34116
34128
34140
34152
34164
34176
34188
34200
34212
34224
34236
34248
34260
34272
34284
34295
34307
34319
34331
34343
34355
34367
34379
34391
34403
34415
34427
34439
34451
34463
34475
34487
34499
34511
34522
34534
34546
34558
34570
34582
34594
34606
34618
34630
34642
34654
34666
34688
34703
34718
34733
34748
34763
34778
34793
34808
34823
34838
34853
34868
34883
34898
34913
34927
34942
34957
34972
34987
35002
35017
35032
35047
35062
35077
35092
35107
35122
35137
35152
35167
35181
35196
35211
35226
35241
35256
35271
35286
35301
35316
35331
35346
35361
35376
35391
35406
35421
35435
35450
35465
35480
35495
35510
35525
35540
35555
35570
35585
35600
35615
35630
35645
35660
35675
35689
35704
35719
35734
35749
35764
35779
35794
35809
35824
35839
35854
35869
35884
35899
35914
35929
35943
35958
35973
35988
36003
36018
36033
36048
36063
36078
36093
36108
36123
36138
36153
36168
36183
36197
36212
36227
36242
36257
36272
36287
36302
36317
36332
36347
36362
36377
36392
36407
36422
36437
36451
36466
36481
36496
36511
36526
36541
36556
36571
36586
36610
36625
36641
36656
36671
36687
36702
36718
36733
36748
36764
36779
36794
36810
36825
36841
36856
36871
36887
36902
36918
36933
36948
36964
36979
36994
37010
37025
37041
37056
37071
37087
37102
37117
37133
37148
37164
37179
37194
37210
37225
37241
37256
37271
37287
37302
37317
37333
37348
37364
37379
37394
37410
37425
37440
37456
37471
37487
37502
37517
37533
37548
37564
37579
37594
37610
37625
37640
37656
37671
37687
37702
37717
37733
37748
37764
37779
37794
37810
37825
37840
37856
37871
37887
37902
37917
37933
37948
37963
37979
37994
38010
38025
38040
38056
38071
38087
38102
38117
38133
38148
38163
38179
38194
38210
38225
38240
38256
38271
38286
38302
38317
38333
38348
38363
38379
38394
38410
38425
38440
38456
38471
38486
38496
38506
38516
38526
38536
38547
38557
38567
38577
38587
38597
38608
38618
38628
38638
38648
38658
38669
38679
38689
38699
38709
38719
38730
38740
38750
38760
38770
38780
38790
38801
38811
38821
38831
38841
38851
38862
38872
38882
38892
38902
38912
38923
38933
38943
38953
38963
38973
38984
38994
39004
39014
39024
39034
39044
39055
39065
39075
39085
39095
39105
39116
39126
39136
39146
39156
39166
39177
39187
39197
39207
39217
39227
39238
39248
39258
39268
39278
39288
39299
39309
39319
39329
39339
39349
39359
39370
39380
39390
39400
39410
39420
39431
39441
39451
39461
39471
39481
39492
39502
39512
39522
39532
39542
39553
39563
39573
39583
39593
39603
39613
39624
39634
39644
39654
39664
39674
39685
39695
39705
39715
39725
39735
39746
39756
39766
39776
39786
39796
39807
39817
39827
39837
39847
39857
39867
39878
39888
39898
39908
39918
39928
39939
39949
39959
39969
39979
39989
40004
40013
40022
40031
40039
40048
40057
40066
40075
40083
40092
40101
40110
40119
40127
40136
40145
40154
40163
40171
40180
40189
40198
40207
40215
40224
40233
40242
40251
40259
40268
40277
40286
40295
40303
40312
40321
40330
40339
40347
40356
40365
40374
40383
40391
40400
40409
40418
40427
40435
40444
40453
40462
40471
40479
40488
40497
40506
40515
40523
40532
40541
40550
40558
40567
40576
40585
40594
40602
40611
40620
40629
40638
40646
40655
40664
40673
40682
40690
40699
40708
40717
40726
40734
40743
40752
40761
40770
40778
40787
40796
40805
40814
40822
40831
40840
40849
40858
40866
40875
40884
40893
40902
40910
40919
40928
40937
40946
40954
40963
40972
40981
40990
40998
41007
41016
41025
41034
41042
41051
41060
41069
41078
41086
41095
41106
41116
41127
41137
41147
41158
41168
41178
41189
41199
41210
41220
41230
41241
41251
41261
41272
41282
41292
41303
41313
41324
41334
41344
41355
41365
41375
41386
41396
41407
41417
41427
41438
41448
41458
41469
41479
41489
41500
41510
41521
41531
41541
41552
41562
41572
41583
41593
41604
41614
41624
41635
41645
41655
41666
41676
41686
41697
41707
41718
41728
41738
41749
41759
41769
41780
41790
41801
41811
41821
41832
41842
41852
41863
41873
41883
41894
41904
41915
41925
41935
41946
41956
41966
41977
41987
41997
42008
42018
42029
42039
42049
42060
42070
42080
42091
42101
42112
42122
42132
42143
42153
42163
42174
42184
42194
42205
42215
42226
42236
42246
42257
42267
42277
42288
42298
42309
42319
42329
42340
42350
42360
42380
42394
42408
42422
42436
42450
42464
42478
42492
42506
42520
42534
42548
42562
42576
42590
42604
42618
42632
42646
42660
42675
42689
42703
42717
42731
42745
42759
42773
42787
42801
42815
42829
42843
42857
42871
42885
42899
42913
42927
42941
42955
42970
42984
42998
43012
43026
43040
43054
43068
43082
43096
43110
43124
43138
43152
43166
43180
43194
43208
43222
43236
43250
43265
43279
43293
43307
43321
43335
43349
43363
43377
43391
43405
43419
43433
43447
43461
43475
43489
43503
43517
43531
43545
43560
43574
43588
43602
43616
43630
43644
43658
43672
43686
43700
43714
43728
43742
43756
43770
43784
43798
43812
43826
43840
43855
43869
43883
43897
43911
43925
43939
43953
43967
43981
43995
44009
44023
44037
44051
44065
44079
44093
44107
44121
44135
44149
44163
44176
44190
44203
44217
44230
44244
44257
44271
44284
44298
44311
44325
44338
44352
44366
44379
44393
44406
44420
44433
44447
44460
44474
44487
44501
44514
44528
44541
44555
44569
44582
44596
44609
44623
44636
44650
44663
44677
44690
44704
44717
44731
44744
44758
44772
44785
44799
44812
44826
44839
44853
44866
44880
44893
44907
44920
44934
44947
44961
44975
44988
45002
45015
45029
45042
45056
45069
45083
45096
45110
45123
45137
45150
45164
45178
45191
45205
45218
45232
45245
45259
45272
45286
45299
45313
45326
45340
45353
45367
45381
45394
45408
45421
45435
45448
45462
45475
45489
45502
45516
45529
45543
45556
45570
45584
45597
45611
45624
45638
45651
45665
45678
45692
45705
45719
45732
45746
45759
45773
45787
45800
45814
45827
45838
45849
45859
45870
45881
45892
45902
45913
45924
45934
45945
45956
45967
45977
45988
45999
46009
46020
46031
46042
46052
46063
46074
46084
46095
46106
46117
46127
46138
46149
46159
46170
46181
46192
46202
46213
46224
46234
46245
46256
46267
46277
46288
46299
46309
46320
46331
46342
46352
46363
46374
46384
46395
46406
46417
46427
46438
46449
46459
46470
46481
46492
46502
46513
46524
46534
46545
46556
46567
46577
46588
46599
46609
46620
46631
46642
46652
46663
46674
46684
46695
46706
46717
46727
46738
46749
46759
46770
46781
46792
46802
46813
46824
46835
46845
46856
46867
46877
46888
46899
46910
46920
46931
46942
46952
46963
46974
46985
46995
47006
47017
47027
47038
47049
47060
47070
47081
47092
47102
47113
47124
47135
47145
47156
47167
47177
47188
47199
47210
47220
47236
47244
47252
47260
47268
47276
47284
47292
47300
47308
47316
47324
47332
47340
47348
47356
47364
47372
47380
47388
47396
47404
47412
47420
47428
47436
47444
47452
47460
47468
47476
47484
47492
47500
47508
47516
47524
47532
47540
47548
47556
47564
47572
47580
47588
47596
47604
47612
47620
47628
47636
47644
47652
47660
47668
47676
47684
47692
47700
47708
47716
47724
47732
47740
47748
47756
47764
47772
47780
47788
47796
47804
47812
47820
47828
47836
47844
47852
47860
47868
47876
47884
47892
47900
47908
47916
47924
47932
47940
47948
47956
47964
47972
47980
47988
47996
48004
48012
48020
48028
48036
48044
48052
48060
48068
48076
48084
48092
48100
48108
48116
48124
48132
48140
48159
48171
48182
48194
48205
48217
48229
48240
48252
48263
48275
48286
48298
48310
48321
48333
48344
48356
48367
48379
48391
48402
48414
48425
48437
48448
48460
48472
48483
48495
48506
48518
48529
48541
48553
48564
48576
48587
48599
48610
48622
48634
48645
48657
48668
48680
48691
48703
48715
48726
48738
48749
48761
48772
48784
48796
48807
48819
48830
48842
48853
48865
48877
48888
48900
48911
48923
48935
48946
48958
48969
48981
48992
49004
49016
49027
49039
49050
49062
49073
49085
49097
49108
49120
49131
49143
49154
49166
49178
49189
49201
49212
49224
49235
49247
49259
49270
49282
49293
49305
49316
49328
49340
49351
49363
49374
49386
49397
49409
49421
49432
49444
49455
49467
49478
49490
49502
49513
49525
49536
49548
49559
49571
49583
49594
49606
49617
49629
49641
49652
49664
49675
49687
49698
49710
49722
49733
49745
49756
49768
49779
49791
49803
49814
49826
49840
49852
49863
49875
49886
49898
49909
49921
49932
49944
49955
49967
49978
49990
50001
50013
50025
50036
50048
50059
50071
50082
50094
50105
50117
50128
50140
50151
50163
50174
50186
50197
50209
50221
50232
50244
50255
50267
50278
50290
50301
50313
50324
50336
50347
50359
50370
50382
50394
50405
50417
50428
50440
50451
50463
50474
50486
50497
50509
50520
50532
50543
50555
50566
50578
50590
50601
50613
50624
50636
50647
50659
50670
50682
50693
50705
50716
50728
50739
50751
50763
50774
50786
50797
50809
50820
50832
50843
50855
50866
50878
50889
50901
50912
50924
50935
50947
50959
50970
50982
50993
51005
51016
51028
51039
51051
51062
51074
51085
51097
51108
51120
51132
51143
51155
51166
51178
51189
51201
51212
51224
51235
51247
51258
51270
51289
51299
51309
51319
51328
51338
51348
51358
51367
51377
51387
51397
51406
51416
51426
51436
51445
51455
51465
51475
51485
51494
51504
51514
51524
51533
51543
51553
51563
51572
51582
51592
51602
51611
51621
51631
51641
51651
51660
51670
51680
51690
51699
51709
51719
51729
51738
51748
51758
51768
51777
51787
51797
51807
51816
51826
51836
51846
51856
51865
51875
51885
51895
51904
51914
51924
51934
51943
51953
51963
51973
51982
51992
52002
52012
52022
52031
52041
52051
52061
52070
52080
52090
52100
52109
52119
52129
52139
52148
52158
52168
52178
52187
52197
52207
52217
52227
52236
52246
52256
52266
52275
52285
52295
52305
52314
52324
52334
52344
52353
52363
52373
52383
52393
52402
52412
52422
52432
52441
52451
52461
52471
52480
52490
52500
52510
52519
52529
52539
52549
52559
52569
52579
52589
52599
52609
52618
52628
52638
52648
52658
52668
52678
52688
52697
52707
52717
52727
52737
52747
52757
52767
52776
52786
52796
52806
52816
52826
52836
52846
52855
52865
52875
52885
52895
52905
52915
52925
52934
52944
52954
52964
52974
52984
52994
53004
53014
53023
53033
53043
53053
53063
53073
53083
53093
53102
53112
53122
53132
53142
53152
53162
53172
53181
53191
53201
53211
53221
53231
53241
53251
53260
53270
53280
53290
53300
53310
53320
53330
53339
53349
53359
53369
53379
53389
53399
53409
53419
53428
53438
53448
53458
53468
53478
53488
53498
53507
53517
53527
53537
53547
53557
53567
53577
53586
53596
53606
53616
53626
53636
53646
53656
53665
53675
53685
53695
53705
53715
53725
53735
53744
53754
53764
53780
53790
53800
53810
53820
53830
53840
53849
53859
53869
53879
53889
53899
53909
53919
53928
53938
53948
53958
53968
53978
53988
53997
54007
54017
54027
54037
54047
54057
54067
54076
54086
54096
54106
54116
54126
54136
54145
54155
54165
54175
54185
54195
54205
54215
54224
54234
54244
54254
54264
54274
54284
54293
54303
54313
54323
54333
54343
54353
54363
54372
54382
54392
54402
54412
54422
54432
54441
54451
54461
54471
54481
54491
54501
54511
54520
54530
54540
54550
54560
54570
54580
54589
54599
54609
54619
54629
54639
54649
54659
54668
54678
54688
54698
54708
54718
54728
54737
54747
54757
54767
54777
54787
54797
54807
54816
54826
54836
54846
54856
54866
54876
54885
54895
54905
54915
54925
54935
54945
54955
54964
54974
54984
54994
55011
55021
55030
55040
55049
55059
55069
55078
55088
55097
55107
55117
55126
55136
55145
55155
55164
55174
55184
55193
55203
55212
55222
55232
55241
55251
55260
55270
55280
55289
55299
55308
55318
55327
55337
55347
55356
55366
55375
55385
55395
55404
55414
55423
55433
55443
55452
55462
55471
55481
55490
55500
55510
55519
55529
55538
55548
55558
55567
55577
55586
55596
55605
55615
55625
55634
55644
55653
55663
55673
55682
55692
55701
55711
55721
55730
55740
55749
55759
55768
55778
55788
55797
55807
55816
55826
55836
55845
55855
55864
55874
55884
55893
55903
55912
55922
55931
55941
55951
55960
55970
55979
55989
55999
56008
56018
56027
56037
56046
56056
56066
56075
56085
56094
56104
56114
56123
56133
56142
56152
56162
56171
56181
56190
56200
56209
56219
56229
56238
56248
56257
56267
56277
56286
56296
56305
56324
56336
56348
56360
56372
56384
56396
56408
56420
56432
56444
56457
56469
56481
56493
56505
56517
56529
56541
56553
56565
56577
56590
56602
56614
56626
56638
56650
56662
56674
56686
56698
56710
56722
56735
56747
56759
56771
56783
56795
56807
56819
56831
56843
56855
56868
56880
56892
56904
56916
56928
56940
56952
56964
56976
56988
57001
57013
57025
57037
57049
57061
57073
57085
57097
57109
57121
57133
57146
57158
57170
57182
57194
57206
57218
57230
57242
57254
57266
57279
57291
57303
57315
57327
57339
57351
57363
57375
57387
57399
57411
57424
57436
57448
57460
57472
57484
57496
57508
57520
57532
57544
57557
57569
57581
57593
57605
57617
57629
57641
57653
57665
57677
57690
57702
57714
57726
57738
57750
57762
57774
57786
57798
57813
57823
57833
57844
57854
57864
57874
57885
57895
57905
57915
57926
57936
57946
57957
57967
57977
57987
57998
58008
58018
58028
58039
58049
58059
58069
58080
58090
58100
58111
58121
58131
58141
58152
58162
58172
58182
58193
58203
58213
58223
58234
58244
58254
58265
58275
58285
58295
58306
58316
58326
58336
58347
58357
58367
58377
58388
58398
58408
58419
58429
58439
58449
58460
58470
58480
58490
58501
58511
58521
58532
58542
58552
58562
58573
58583
58593
58603
58614
58624
58634
58644
58655
58665
58675
58686
58696
58706
58716
58727
58737
58747
58757
58768
58778
58788
58798
58809
58819
58829
58840
58850
58860
58870
58881
58891
58901
58911
58922
58932
58942
58952
58963
58973
58983
58994
59004
59025
59037
59048
59060
59071
59083
59094
59106
59117
59129
59141
59152
59164
59175
59187
59198
59210
59221
59233
59244
59256
59268
59279
59291
59302
59314
59325
59337
59348
59360
59371
59383
59395
59406
59418
59429
59441
59452
59464
59475
59487
59498
59510
59522
59533
59545
59556
59568
59579
59591
59602
59614
59625
59637
59649
59660
59672
59683
59695
59706
59718
59729
59741
59752
59764
59776
59787
59799
59810
59822
59833
59845
59856
59868
59879
59891
59903
59914
59926
59937
59949
59960
59972
59983
59995
60006
60018
60030
60041
60053
60064
60076
60087
60099
60110
60122
60133
60145
60157
60168
60180
60191
60203
60214
60226
60237
60249
60260
60272
60284
60295
60307
60318
60330
60341
60353
60364
60376
60387
60399
60411
60422
60434
60445
60457
60468
60480
60491
60503
60526
60538
60550
60562
60575
60587
60599
60611
60623
60636
60648
60660
60672
60685
60697
60709
60721
60733
60746
60758
60770
60782
60794
60807
60819
60831
60843
60856
60868
60880
60892
60904
60917
60929
60941
60953
60965
60978
60990
61002
61014
61027
61039
61051
61063
61075
61088
61100
61112
61124
61137
61149
61161
61173
61185
61198
61210
61222
61234
61246
61259
61271
61283
61295
61308
61320
61332
61344
61356
61369
61381
61393
61405
61417
61430
61442
61454
61466
61479
61491
61503
61515
61527
61540
61552
61564
61576
61588
61601
61613
61625
61637
61650
61662
61674
61686
61698
61711
61723
61735
61747
61760
61772
61784
61796
61808
61821
61833
61845
61857
61869
61882
61894
61906
61918
61931
61943
61955
61967
61979
61992
62004
62016
62028
62040
62053
62065
62077
62089
62102
62114
62138
62152
62166
62180
62195
62209
62223
62237
62252
62266
62280
62294
62308
62323
62337
62351
62365
62380
62394
62408
62422
62436
62451
62465
62479
62493
62508
62522
62536
62550
62564
62579
62593
62607
62621
62636
62650
62664
62678
62693
62707
62721
62735
62749
62764
62778
62792
62806
62821
62835
62849
62863
62877
62892
62906
62920
62934
62949
62963
62977
62991
63005
63020
63034
63048
63062
63077
63091
63105
63119
63134
63148
63162
63176
63190
63205
63219
63233
63247
63262
63276
63290
63304
63318
63333
63347
63361
63375
63390
63404
63418
63432
63446
63461
63475
63489
63503
63518
63532
63546
63560
63575
63589
63603
63617
63631
63646
63660
63674
63688
63703
63717
63731
63745
63759
63774
63787
63799
63811
63823
63836
63848
63860
63872
63885
63897
63909
63921
63934
63946
63958
63970
63983
63995
64007
64019
64032
64044
64056
64068
64081
64093
64105
64117
64130
64142
64154
64166
64178
64191
64203
64215
64227
64240
64252
64264
64276
64289
64301
64313
64325
64338
64350
64362
64374
64387
64399
64411
64423
64436
64448
64460
64472
64485
64497
64509
64521
64534
64546
64558
64570
64582
64595
64607
64619
64631
64644
64656
64668
64680
64693
64705
64717
64729
64742
64754
64766
64778
64791
64803
64815
64827
64840
64852
64864
64876
64889
64901
64913
64925
64938
64950
64962
64974
64986
64999
65011
65023
65035
65048
65060
65072
65084
65097
65109
65121
65133
65146
65158
65170
65182
65195
65207
65219
65231
65244
65256
65268
65285
65296
65306
65317
65327
65338
65348
65359
65370
65380
65391
65401
65412
65422
65433
65444
65454
65465
65475
65486
65496
65507
65518
65528
65539
65549
65560
65570
65581
65592
65602
65613
65623
65634
65644
65655
65666
65676
65687
65697
65708
65718
65729
65740
65750
65761
65771
65782
65792
65803
65814
65824
65835
65845
65856
65866
65877
65887
65898
65909
65919
65930
65940
65951
65961
65972
65983
65993
66004
66014
66025
66035
66046
66057
66067
66078
66088
66099
66109
66120
66131
66141
66152
66162
66173
66183
66194
66205
66215
66226
66236
66247
66257
66268
66279
66289
66300
66310
66321
66331
66342
66353
66363
66374
66384
66395
66405
66416
66426
66437
66448
66458
66469
66479
66490
66500
66511
66522
66532
66543
66553
66564
66574
66595
66605
66616
66626
66637
66647
66658
66668
66679
66689
66700
66710
66720
66731
66741
66752
66762
66773
66783
66794
66804
66815
66825
66836
66846
66856
66867
66877
66888
66898
66909
66919
66930
66940
66951
66961
66971
66982
66992
67003
67013
67024
67034
67045
67055
67066
67076
67087
67097
67107
67118
67128
67139
67149
67160
67170
67181
67191
67202
67212
67223
67233
67243
67254
67264
67275
67285
67296
67306
67317
67327
67338
67348
67358
67369
67379
67390
67400
67411
67421
67432
67442
67453
67463
67474
67484
67494
67505
67515
67526
67536
67547
67557
67568
67578
67589
67599
67610
67620
67630
67641
67651
67662
67672
67683
67693
67704
67714
67725
67735
67745
67756
67766
67777
67787
67798
67808
67828
67840
67853
67865
67878
67890
67902
67915
67927
67940
67952
67965
67977
67989
68002
68014
68027
68039
68052
68064
68076
68089
68101
68114
68126
68138
68151
68163
68176
68188
68201
68213
68225
68238
68250
68263
68275
68288
68300
68312
68325
68337
68350
68362
68374
68387
68399
68412
68424
68437
68449
68461
68474
68486
68499
68511
68524
68536
68548
68561
68573
68586
68598
68611
68623
68635
68648
68660
68673
68685
68697
68710
68722
68735
68747
68760
68772
68784
68797
68809
68822
68834
68847
68859
68871
68884
68896
68909
68921
68933
68946
68958
68971
68983
68996
69008
69020
69033
69045
69058
69070
69083
69095
69107
69120
69132
69145
69157
69169
69182
69194
69207
69219
69232
69244
69256
69269
69281
69294
69306
69319
69331
69343
69356
69368
69381
69393
69406
69418
69430
69443
69455
69468
69480
69492
69505
69517
69530
69542
69555
69567
69579
69599
69612
69625
69638
69651
69665
69678
69691
69704
69717
69731
69744
69757
69770
69783
69797
69810
69823
69836
69849
69862
69876
69889
69902
69915
69928
69942
69955
69968
69981
69994
70008
70021
70034
70047
70060
70073
70087
70100
70113
70126
70139
70153
70166
70179
70192
70205
70219
70232
70245
70258
70271
70285
70298
70311
70324
70337
70350
70364
70377
70390
70403
70416
70430
70443
70456
70469
70482
70496
70509
70522
70535
70548
70561
70575
70588
70601
70614
70627
70641
70654
70667
70680
70693
70707
70720
70733
70746
70759
70772
70786
70799
70812
70825
70838
70852
70865
70878
70891
70904
70918
70931
70944
70957
70970
70984
70997
71010
71023
71036
71049
71063
71076
71089
71102
71115
71129
71142
71155
71168
71181
71195
71208
71221
71237
71248
71259
71270
71281
71292
71303
71314
71325
71336
71346
71357
71368
71379
71390
71401
71412
71423
71434
71445
71456
71466
71477
71488
71499
71510
71521
71532
71543
71554
71565
71576
71586
71597
71608
71619
71630
71641
71652
71663
71674
71685
71696
71706
71717
71728
71739
71750
71761
71772
71783
71794
71805
71816
71826
71837
71848
71859
71870
71881
71892
71903
71914
71925
71936
71946
71957
71968
71979
71990
72001
72012
72023
72034
72045
72056
72066
72077
72088
72099
72110
72121
72132
72143
72154
72165
72176
72186
72197
72208
72219
72230
72241
72252
72263
72274
72285
72296
72306
72331
72345
72360
72374
72388
72403
72417
72431
72446
72460
72475
72489
72503
72518
72532
72546
72561
72575
72589
72604
72618
72633
72647
72661
72676
72690
72704
72719
72733
72747
72762
72776
72791
72805
72819
72834
72848
72862
72877
72891
72905
72920
72934
72949
72963
72979
72991
73002
73014
73025
73037
73048
73060
73071
73083
73094
73106
73117
73129
73141
73152
73164
73175
73187
73198
73210
73221
73233
73244
73256
73267
73279
73290
73302
73314
73325
73337
73348
73360
73371
73383
73394
73406
73417
73429
73440
73452
73463
73475
73487
73498
73510
73521
73533
73544
73556
73567
73579
73590
73602
73613
73625
73636
73648
73660
73671
73683
73694
73706
73717
73729
73740
73752
73763
73775
73786
73798
73810
73821
73833
73844
73856
73867
73879
73890
73902
73913
73925
73936
73948
73959
73971
73983
73994
74006
74017
74029
74040
74052
74063
74075
74086
74098
74109
74121
74132
74144
74156
74167
74179
74190
74202
74213
74225
74236
74248
74259
74271
74282
74294
74305
74317
74329
74340
74352
74363
74375
74386
74398
74409
74421
74432
74444
74455
74467
74478
74490
74502
74513
74525
74536
74548
74559
74571
74582
74594
74605
74617
74628
74640
74652
74663
74675
74686
74698
74709
74721
74732
74744
74755
74767
74778
74790
74801
74813
74825
74836
74848
74859
74880
74892
74904
74916
74928
74940
74953
74965
74977
74989
75001
75013
75025
75038
75050
75062
75074
75086
75098
75110
75123
75135
75147
75159
75171
75183
75196
75208
75220
75232
75244
75256
75268
75281
75293
75305
75317
75329
75341
75353
75366
75378
75390
75402
75414
75426
75438
75451
75463
75475
75487
75499
75511
75524
75536
75548
75560
75572
75584
75596
75609
75621
75633
75645
75657
75669
75681
75694
75706
75718
75730
75742
75754
75766
75779
75791
75803
75815
75827
75839
75852
75864
75876
75888
75900
75912
75924
75937
75949
75961
75973
75985
75997
76009
76022
76034
76046
76058
76070
76082
76094
76107
76119
76131
76143
76155
76167
76180
76192
76204
76216
76228
76240
76252
76265
76277
76289
76301
76313
76325
76337
76350
76374
76389
76404
76420
76435
76450
76466
76481
76496
76512
76527
76542
76557
76573
76588
76603
76619
76634
76649
76665
76680
76695
76710
76726
76741
76756
76772
76787
76802
76818
76833
76848
76863
76879
76894
76909
76925
76940
76955
76971
76986
77001
77016
77032
77047
77062
77078
77093
77108
77124
77139
77154
77169
77185
77200
77215
77231
77246
77261
77277
77292
77307
77322
77338
77353
77368
77384
77399
77414
77430
77445
77460
77475
77491
77506
77521
77537
77552
77567
77583
77598
77613
77628
77644
77659
77674
77690
77705
77720
77736
77751
77766
77781
77797
77812
77827
77843
77858
77873
77889
77904
77919
77934
77950
77965
77980
77996
78011
78026
78042
78057
78072
78087
78103
78118
78133
78149
78164
78179
78195
78210
78225
78240
78256
78271
78286
78302
78317
78344
78358
78373
78387
78401
78416
78430
78445
78459
78473
78488
78502
78517
78531
78545
78560
78574
78588
78603
78617
78632
78646
78660
78675
78689
78704
78718
78732
78747
78761
78775
78790
78804
78819
78833
78847
78862
78876
78891
78905
78919
78934
78948
78962
78977
78991
79006
79020
79035
79049
79064
79078
79092
79107
79121
79136
79150
79164
79179
79193
79208
79222
79236
79251
79265
79279
79294
79308
79323
79337
79351
79366
79380
79395
79409
79423
79438
79452
79466
79481
79495
79510
79524
79538
79555
79570
79585
79600
79615
79630
79645
79660
79675
79690
79705
79720
79735
79750
79765
79780
79795
79810
79825
79840
79855
79870
79885
79900
79915
79930
79945
79960
79975
79990
80004
80019
80034
80049
80064
80079
80094
80109
80124
80139
80154
80169
80184
80199
80214
80229
80244
80259
80274
80289
80304
80319
80334
80349
80364
80379
80394
80409
80424
80439
80453
