0
16
31
46
61
75
90
105
120
135
149
164
179
194
209
223
238
253
268
283
297
312
327
342
357
371
386
401
416
431
445
460
475
490
505
519
534
549
564
579
593
608
623
638
653
667
682
697
712
727
741
756
771
786
801
815
830
845
860
875
889
904
919
934
949
963
978
993
1008
1023
1037
1052
1067
1082
1097
1111
1126
1141
1156
1171
1185
1200
1215
1230
1244
1259
1274
1289
1304
1318
1333
1348
1363
1378
1392
1407
1422
1437
1452
1481
1509
1538
1566
1594
1623
1651
1679
1708
1736
1764
1793
1821
1849
1878
1906
1934
1963
1991
2020
2048
2076
2105
2133
2161
2190
2218
2246
2275
2303
2331
2360
2388
2416
2445
2473
2501
2530
2558
2587
2615
2643
2672
2700
2728
2757
2785
2813
2842
2870
2898
2927
2955
2983
3012
3040
3068
3097
3125
3154
3182
3210
3239
3267
3295
3324
3352
3380
3409
3437
3465
3494
3522
3550
3579
3607
3636
3664
3692
3721
3749
3777
3806
3834
3862
3891
3919
3947
3976
4004
4032
4061
4089
4117
4146
4174
4203
4231
4259
4288
4316
4344
4373
4404
4425
4445
4466
4486
4507
4528
4548
4569
4589
4610
4630
4651
4672
4692
4713
4733
4754
4774
4795
4816
4836
4857
4877
4898
4918
4939
4960
4980
5001
5021
5042
5063
5083
5104
5124
5145
5165
5186
5207
5227
5248
5268
5289
5309
5330
5351
5371
5392
5412
5433
5453
5474
5495
5515
5536
5556
5577
5597
5618
5639
5659
5680
5700
5721
5742
5762
5783
5803
5824
5844
5865
5886
5906
5927
5947
5968
5988
6009
6030
6050
6071
6091
6112
6132
6153
6174
6194
6215
6235
6256
6276
6297
6318
6338
6359
6379
6400
6421
6441
6462
6482
6503
6523
6544
6565
6585
6606
6626
6647
6667
6688
6709
6729
6750
6770
6791
6811
6832
6853
6873
6894
6914
6935
6955
6976
6997
7017
7038
7058
7079
7100
7120
7141
7160
7176
7193
7209
7225
7242
7258
7274
7291
7307
7323
7340
7356
7372
7389
7405
7421
7438
7454
7470
7487
7503
7519
7536
7552
7568
7585
7601
7618
7634
7650
7667
7683
7699
7716
7732
7748
7765
7781
7797
7814
7830
7846
7863
7879
7895
7912
7928
7944
7961
7977
7993
8010
8026
8042
8059
8075
8092
8108
8124
8141
8157
8173
8190
8206
8222
8239
8255
8271
8288
8304
8320
8337
8353
8369
8386
8402
8418
8435
8451
8467
8484
8500
8516
8533
8549
8566
8582
8598
8615
8631
8647
8664
8680
8696
8713
8729
8745
8762
8778
8794
8811
8827
8843
8860
8876
8892
8909
8925
8941
8958
8974
8990
9007
9023
9040
9056
9072
9089
9105
9121
9138
9154
9170
9187
9203
9219
9236
9252
9268
9285
9301
9317
9334
9357
9371
9384
9398
9411
9425
9438
9452
9465
9479
9492
9506
9520
9533
9547
9560
9574
9587
9601
9614
9628
9641
9655
9669
9682
9696
9709
9723
9736
9750
9763
9777
9790
9804
9818
9831
9845
9858
9872
9885
9899
9912
9926
9939
9953
9967
9980
9994
10007
10021
10034
10048
10061
10075
10088
10102
10116
10129
10143
10156
10170
10183
10197
10210
10224
10237
10251
10265
10278
10292
10305
10319
10332
10346
10359
10373
10386
10400
10414
10427
10441
10454
10468
10481
10495
10508
10522
10535
10549
10563
10576
10590
10603
10617
10630
10644
10657
10671
10684
10698
10712
10725
10739
10752
10766
10779
10793
10806
10820
10833
10847
10861
10874
10888
10901
10915
10928
10942
10955
10969
10982
10996
11010
11023
11037
11050
11064
11077
11091
11104
11118
11131
11162
11180
11197
11215
11233
11250
11268
11286
11303
11321
11339
11356
11374
11391
11409
11427
11444
11462
11480
11497
11515
11533
11550
11568
11586
11603
11621
11638
11656
11674
11691
11709
11727
11744
11762
11780
11797
11815
11833
11850
11868
11885
11903
11921
11938
11956
11974
11991
12009
12027
12044
12062
12079
12097
12115
12132
12150
12168
12185
12203
12221
12238
12256
12274
12291
12309
12326
12344
12362
12379
12397
12415
12432
12450
12468
12485
12503
12521
12538
12556
12573
12591
12609
12626
12644
12662
12679
12697
12715
12732
12750
12767
12785
12803
12820
12838
12856
12873
12891
12909
12926
12944
12962
12979
12997
13014
13032
13050
13066
13077
13088
13099
13110
13122
13133
13144
13155
13166
13178
13189
13200
13211
13222
13234
13245
13256
13267
13278
13290
13301
13312
13323
13334
13346
13357
13368
13379
13390
13402
13413
13424
13435
13446
13458
13469
13480
13491
13502
13514
13525
13536
13547
13558
13570
13581
13592
13603
13614
13626
13637
13648
13659
13670
13682
13693
13704
13715
13726
13738
13749
13760
13771
13782
13793
13805
13816
13827
13838
13849
13861
13872
13883
13894
13905
13917
13928
13939
13950
13961
13973
13984
13995
14006
14017
14029
14040
14051
14062
14073
14085
14096
14107
14118
14129
14141
14152
14163
14174
14185
14197
14208
14219
14230
14241
14253
14264
14275
14286
14297
14309
14320
14331
14342
14353
14365
14376
14387
14398
14409
14421
14432
14443
14454
14465
14476
14488
14499
14510
14521
14532
14544
14555
14566
14577
14588
14600
14615
14625
14635
14645
14654
14664
14674
14684
14694
14703
14713
14723
14733
14743
14752
14762
14772
14782
14792
14801
14811
14821
14831
14841
14850
14860
14870
14880
14890
14899
14909
14919
14929
14939
14948
14958
14968
14978
14988
14997
15007
15017
15027
15036
15046
15056
15066
15076
15085
15095
15105
15115
15125
15134
15144
15154
15164
15174
15183
15193
15203
15213
15223
15232
15242
15252
15262
15272
15281
15291
15301
15311
15321
15330
15340
15350
15360
15370
15379
15389
15399
15409
15419
15428
15438
15448
15458
15467
15477
15487
15497
15507
15516
15526
15536
15546
15556
15565
15575
15585
15595
15605
15614
15624
15634
15644
15654
15663
15673
15683
15693
15703
15712
15722
15732
15742
15752
15761
15771
15781
15791
15801
15810
15820
15830
15840
15850
15865
15875
15884
15894
15903
15913
15922
15932
15941
15951
15960
15970
15979
15989
15998
16008
16017
16027
16036
16046
16055
16065
16074
16084
16093
16103
16112
16122
16131
16141
16150
16160
16169
16179
16188
16198
16207
16217
16226
16236
16245
16255
16264
16274
16283
16293
16302
16312
16321
16331
16340
16350
16359
16369
16378
16388
16397
16407
16416
16426
16435
16445
16454
16464
16473
16483
16492
16502
16511
16521
16530
16540
16549
16559
16568
16578
16587
16597
16607
16616
16626
16635
16645
16654
16664
16673
16683
16692
16702
16711
16721
16730
16740
16749
16759
16768
16778
16787
16797
16806
16816
16825
16835
16844
16854
16863
16873
16882
16892
16901
16911
16920
16930
16939
16949
16958
16968
16977
16987
16996
17006
17015
17025
17034
17044
17053
17063
17072
17082
17091
17101
17110
17120
17129
17139
17148
17158
17172
17179
17185
17192
17199
17205
17212
17219
17225
17232
17238
17245
17252
17258
17265
17272
17278
17285
17291
17298
17305
17311
17318
17325
17331
17338
17344
17351
17358
17364
17371
17378
17384
17391
17397
17404
17411
17417
17424
17431
17437
17444
17450
17457
17464
17470
17477
17484
17490
17497
17504
17510
17517
17523
17530
17537
17543
17550
17557
17563
17570
17576
17583
17590
17596
17603
17610
17616
17623
17629
17636
17643
17649
17656
17663
17669
17676
17682
17689
17696
17702
17709
17716
17722
17729
17735
17742
17749
17755
17762
17769
17775
17782
17789
17795
17802
17808
17815
17822
17828
17835
17842
17848
17855
17861
17868
17875
17881
17888
17895
17901
17908
17914
17921
17928
17934
17941
17951
17956
17962
17967
17972
17978
17983
17989
17994
17999
18005
18010
18016
18021
18026
18032
18037
18042
18048
18053
18059
18064
18069
18075
18080
18086
18091
18096
18102
18107
18113
18118
18123
18129
18134
18139
18145
18150
18156
18161
18166
18172
18177
18183
18188
18193
18199
18204
18210
18215
18220
18226
18231
18236
18242
18247
18253
18258
18263
18269
18274
18280
18285
18290
18296
18301
18307
18312
18317
18323
18328
18333
18339
18344
18350
18355
18360
18366
18371
18377
18382
18387
18393
18398
18404
18409
18414
18420
18425
18430
18436
18441
18447
18452
18457
18463
18468
18474
18479
18484
18490
18495
18501
18506
18511
18517
18522
18527
18533
18538
18544
18549
18554
18560
18565
18571
18576
18581
18587
18592
18598
18603
18608
18614
18619
18624
18630
18635
18641
18646
18651
18657
18662
18668
18673
18678
18684
18689
18695
18700
18705
18710
18715
18719
18724
18729
18733
18738
18743
18747
18752
18757
18761
18766
18771
18775
18780
18784
18789
18794
18798
18803
18808
18812
18817
18822
18826
18831
18836
18840
18845
18849
18854
18859
18863
18868
18873
18877
18882
18887
18891
18896
18901
18905
18910
18914
18919
18924
18928
18933
18938
18942
18947
18952
18956
18961
18966
18970
18975
18979
18984
18989
18993
18998
19003
19007
19012
19017
19021
19026
19031
19035
19040
19044
19049
19054
19058
19063
19068
19072
19077
19082
19086
19091
19096
19100
19105
19109
19114
19119
19123
19128
19133
19137
19142
19147
19151
19156
19161
19165
19170
19175
19179
19184
19188
19193
19198
19202
19207
19212
19216
19221
19226
19230
19235
19240
19244
19249
19253
19258
19263
19267
19272
19277
19281
19286
19291
19295
19300
19305
19311
19317
19323
19328
19334
19340
19345
19351
19357
19362
19368
19374
19379
19385
19391
19396
19402
19408
19413
19419
19425
19430
19436
19442
19447
19453
19459
19464
19470
19476
19481
19487
19493
19498
19504
19510
19516
19521
19527
19533
19538
19544
19550
19555
19561
19567
19572
19578
19584
19589
19595
19601
19606
19612
19618
19623
19629
19635
19640
19646
19652
19657
19663
19669
19674
19680
19686
19691
19697
19703
19708
19714
19720
19726
19731
19737
19743
19748
19754
19760
19765
19771
19777
19782
19788
19794
19799
19805
19811
19816
19822
19828
19833
19839
19845
19850
19856
19862
19867
19873
19879
19884
19890
19896
19901
19907
19913
19919
19924
19930
19936
19941
19947
19953
19958
19964
19970
19975
19981
19987
19992
19998
20004
20009
20015
20021
20026
20032
20038
20043
20049
20055
20060
20066
20072
20081
20087
20093
20099
20105
20111
20117
20123
20129
20135
20140
20146
20152
20158
20164
20170
20176
20182
20188
20194
20199
20205
20211
20217
20223
20229
20235
20241
20247
20253
20258
20264
20270
20276
20282
20288
20294
20300
20306
20312
20318
20323
20329
20335
20341
20347
20353
20359
20365
20371
20377
20382
20388
20394
20400
20406
20412
20418
20424
20430
20436
20441
20447
20453
20459
20465
20471
20477
20483
20489
20495
20501
20506
20512
20518
20524
20530
20536
20542
20548
20554
20560
20565
20571
20577
20583
20589
20595
20601
20607
20613
20619
20624
20630
20636
20642
20648
20654
20660
20666
20672
20678
20683
20693
20700
20707
20714
20721
20727
20734
20741
20748
20755
20761
20768
20775
20782
20789
20795
20802
20809
20816
20823
20830
20836
20843
20850
20857
20864
20870
20877
20884
20891
20898
20904
20911
20918
20925
20932
20938
20945
20952
20959
20966
20973
20979
20986
20993
21000
21007
21013
21020
21027
21034
21041
21047
21054
21061
21068
21075
21081
21088
21095
21102
21109
21116
21122
21129
21136
21143
21150
21156
21163
21170
21177
21184
21190
21197
21204
21211
21218
21224
21231
21238
21245
21252
21259
21265
21272
21279
21286
21293
21299
21306
21313
21320
21327
21333
21340
21347
21354
21361
21368
21374
21381
21388
21395
21402
21408
21415
21422
21429
21436
21442
21449
21456
21463
21470
21476
21483
21490
21497
21504
21511
21517
21524
21531
21538
21545
21551
21558
21565
21572
21579
21585
21592
21599
21606
21613
21619
21626
21633
21640
21647
21654
21660
21667
21674
21681
21696
21705
21714
21723
21732
21741
21750
21759
21768
21777
21786
21795
21804
21813
21823
21832
21841
21850
21859
21868
21877
21886
21895
21904
21913
21922
21931
21940
21949
21959
21968
21977
21986
21995
22004
22013
22022
22031
22040
22049
22058
22067
22076
22086
22095
22104
22113
22122
22131
22140
22149
22158
22167
22176
22185
22194
22203
22212
22222
22231
22240
22249
22258
22267
22276
22285
22294
22303
22312
22321
22330
22339
22349
22358
22367
22376
22385
22394
22403
22412
22421
22430
22439
22448
22457
22466
22474
22481
22488
22495
22502
22509
22517
22524
22531
22538
22545
22552
22559
22567
22574
22581
22588
22595
22602
22609
22617
22624
22631
22638
22645
22652
22659
22667
22674
22681
22688
22695
22702
22709
22717
22724
22731
22738
22745
22752
22759
22767
22774
22781
22788
22795
22802
22809
22817
22824
22831
22838
22845
22852
22859
22867
22874
22881
22888
22895
22902
22909
22917
22924
22931
22938
22945
22952
22959
22967
22974
22981
22988
22995
23002
23009
23017
23024
23031
23038
23045
23052
23059
23067
23074
23081
23088
23095
23102
23109
23117
23124
23131
23138
23145
23152
23159
23167
23174
23181
23188
23195
23202
23209
23217
23224
23231
23238
23245
23252
23259
23273
23280
23286
23293
23299
23306
23312
23319
23325
23332
23338
23345
23351
23358
23364
23371
23377
23384
23390
23397
23403
23410
23416
23423
23429
23436
23442
23449
23455
23462
23468
23475
23481
23488
23494
23501
23507
23514
23520
23527
23533
23540
23546
23553
23559
23566
23572
23579
23585
23592
23598
23605
23611
23618
23624
23631
23637
23644
23650
23657
23663
23670
23676
23683
23689
23696
23702
23709
23715
23722
23728
23735
23741
23748
23754
23761
23767
23774
23780
23787
23793
23800
23806
23813
23819
23826
23832
23839
23845
23852
23858
23865
23871
23878
23884
23891
23897
23904
23910
23917
23923
23930
23936
23943
23949
23956
23962
23969
23975
23982
23988
23995
24001
24008
24014
24021
24027
24034
24040
24047
24053
24060
24066
24073
24079
24086
24092
24099
24105
24112
24118
24125
24131
24138
24144
24154
24160
24166
24173
24179
24185
24192
24198
24204
24211
24217
24223
24230
24236
24242
24249
24255
24261
24268
24274
24280
24287
24293
24299
24306
24312
24318
24325
24331
24337
24344
24350
24356
24362
24369
24375
24381
24388
24394
24400
24407
24413
24419
24426
24432
24438
24445
24451
24457
24464
24470
24476
24483
24489
24495
24502
24508
24514
24521
24527
24533
24540
24546
24552
24558
24565
24571
24577
24584
24590
24596
24603
24609
24615
24622
24628
24634
24641
24647
24653
24660
24666
24672
24679
24685
24691
24698
24704
24710
24717
24723
24729
24736
24742
24748
24754
24761
24767
24773
24780
24786
24792
24799
24805
24811
24818
24824
24830
24837
24843
24849
24856
24862
24868
24875
24881
24887
24894
24900
24906
24913
24919
24925
24932
24938
24944
24950
24957
24963
24969
24976
24982
24988
24995
25001
25007
25014
25020
25026
25033
25039
25045
25052
25058
25064
25071
25077
25083
25094
25100
25106
25113
25119
25125
25132
25138
25144
25151
25157
25163
25170
25176
25182
25189
25195
25201
25208
25214
25220
25227
25233
25239
25246
25252
25258
25265
25271
25277
25284
25290
25296
25303
25309
25315
25322
25328
25334
25341
25347
25353
25360
25366
25372
25379
25385
25391
25398
25404
25410
25417
25423
25429
25436
25442
25448
25455
25461
25467
25474
25480
25486
25493
25499
25505
25512
25518
25524
25531
25537
25543
25550
25556
25562
25569
25575
25581
25588
25594
25600
25607
25613
25619
25626
25632
25638
25645
25651
25657
25664
25670
25676
25683
25689
25695
25702
25708
25714
25721
25727
25733
25740
25746
25752
25759
25765
25771
25778
25784
25790
25797
25803
25809
25816
25822
25828
25835
25841
25847
25854
25860
25866
25873
25879
25885
25892
25898
25904
25911
25917
25923
25935
25941
25948
25954
25961
25967
25974
25980
25987
25993
26000
26006
26013
26019
26026
26032
26039
26045
26052
26058
26065
26071
26078
26084
26091
26097
26104
26110
26117
26123
26130
26136
26143
26149
26156
26162
26169
26175
26182
26188
26195
26201
26208
26214
26221
26227
26234
26240
26247
26253
26260
26266
26273
26279
26286
26292
26299
26305
26312
26318
26325
26331
26338
26344
26351
26357
26364
26370
26377
26383
26390
26396
26403
26409
26416
26422
26429
26435
26442
26448
26455
26461
26468
26474
26481
26487
26494
26500
26507
26513
26520
26526
26533
26539
26546
26552
26559
26565
26572
26578
26585
26591
26598
26604
26611
26617
26624
26630
26637
26643
26650
26656
26663
26669
26676
26682
26689
26695
26702
26708
26715
26721
26728
26734
26741
26747
26754
26760
26767
26773
26780
26786
26795
26801
26808
26814
26821
26827
26834
26840
26847
26853
26860
26866
26873
26879
26885
26892
26898
26905
26911
26918
26924
26931
26937
26944
26950
26957
26963
26970
26976
26982
26989
26995
27002
27008
27015
27021
27028
27034
27041
27047
27054
27060
27067
27073
27079
27086
27092
27099
27105
27112
27118
27125
27131
27138
27144
27151
27157
27164
27170
27176
27183
27189
27196
27202
27209
27215
27222
27228
27235
27241
27248
27254
27261
27267
27273
27280
27286
27293
27299
27306
27312
27319
27325
27332
27338
27345
27355
27362
27369
27375
27382
27389
27396
27402
27409
27416
27422
27429
27436
27443
27449
27456
27463
27469
27476
27483
27490
27496
27503
27510
27516
27523
27530
27537
27543
27550
27557
27563
27570
27577
27584
27590
27597
27604
27610
27617
27624
27631
27637
27644
27651
27657
27664
27671
27678
27684
27691
27698
27705
27711
27718
27725
27731
27738
27745
27752
27758
27765
27772
27778
27785
27792
27799
27805
27812
27819
27825
27832
27839
27846
27852
27859
27866
27872
27879
27886
27893
27899
27906
27913
27919
27926
27933
27940
27946
27953
27960
27966
27973
27980
27987
27993
28000
28007
28013
28020
28027
28034
28040
28047
28054
28061
28067
28074
28081
28087
28094
28101
28108
28114
28121
28128
28134
28141
28148
28155
28161
28168
28175
28181
28188
28195
28202
28208
28215
28222
28228
28235
28242
28249
28255
28262
28269
28275
28282
28289
28296
28302
28309
28316
28322
28329
28336
28343
28353
28358
28362
28367
28372
28376
28381
28386
28390
28395
28400
28404
28409
28414
28418
28423
28428
28432
28437
28442
28446
28451
28456
28460
28465
28470
28474
28479
28484
28488
28493
28498
28502
28507
28512
28516
28521
28526
28530
28535
28540
28544
28549
28554
28558
28563
28568
28572
28577
28582
28586
28591
28596
28600
28605
28610
28614
28619
28624
28628
28633
28638
28642
28647
28652
28656
28661
28666
28670
28675
28680
28684
28689
28694
28698
28703
28708
28712
28717
28722
28726
28731
28736
28740
28745
28750
28754
28759
28764
28768
28773
28778
28782
28787
28792
28796
28801
28806
28810
28815
28820
28824
28829
28834
28838
28843
28848
28852
28857
28862
28866
28871
28875
28880
28885
28889
28894
28899
28903
28908
28913
28917
28922
28927
28931
28936
28941
28945
28950
28955
28959
28964
28969
28973
28978
28983
28987
28992
28997
29001
29006
29011
29015
29020
29025
29029
29034
29039
29043
29048
29054
29059
29064
29069
29073
29078
29083
29088
29093
29097
29102
29107
29112
29117
29121
29126
29131
29136
29141
29145
29150
29155
29160
29165
29169
29174
29179
29184
29188
29193
29198
29203
29208
29212
29217
29222
29227
29232
29236
29241
29246
29251
29256
29260
29265
29270
29275
29280
29284
29289
29294
29299
29303
29308
29313
29318
29323
29327
29332
29337
29342
29347
29351
29356
29361
29366
29371
29375
29380
29385
29390
29395
29399
29404
29409
29414
29418
29423
29428
29433
29438
29442
29447
29452
29457
29462
29466
29471
29476
29481
29486
29490
29495
29500
29505
29510
29514
29519
29524
29529
29533
29538
29543
29548
29553
29557
29562
29567
29572
29577
29581
29586
29591
29596
29601
29605
29610
29615
29620
29625
29629
29634
29639
29644
29648
29653
29658
29666
29671
29677
29682
29687
29693
29698
29703
29709
29714
29719
29725
29730
29735
29741
29746
29751
29757
29762
29767
29773
29778
29783
29789
29794
29799
29805
29810
29815
29821
29826
29831
29837
29842
29847
29853
29858
29863
29869
29874
29879
29885
29890
29896
29901
29906
29912
29917
29922
29928
29933
29938
29944
29949
29954
29960
29965
29970
29976
29981
29986
29992
29997
30002
30008
30013
30018
30024
30029
30034
30040
30045
30050
30056
30061
30066
30072
30077
30082
30088
30093
30098
30104
30109
30114
30120
30125
30131
30136
30141
30147
30152
30157
30163
30168
30173
30179
30184
30189
30195
30200
30205
30211
30216
30221
30227
30232
30237
30243
30248
30253
30259
30264
30269
30275
30280
30285
30297
30303
30309
30315
30321
30327
30333
30340
30346
30352
30358
30364
30370
30376
30382
30389
30395
30401
30407
30413
30419
30425
30432
30438
30444
30450
30456
30462
30468
30474
30481
30487
30493
30499
30505
30511
30517
30523
30530
30536
30542
30548
30554
30560
30566
30573
30579
30585
30591
30597
30603
30609
30615
30622
30628
30634
30640
30646
30652
30658
30664
30671
30677
30683
30689
30695
30701
30707
30714
30720
30726
30732
30738
30744
30750
30756
30763
30769
30775
30781
30787
30793
30799
30805
30812
30818
30824
30830
30836
30842
30848
30855
30861
30867
30873
30879
30885
30891
30897
30904
30910
30916
30922
30928
30934
30940
30946
30953
30959
30965
30971
30977
30983
30989
30996
31002
31008
31014
31020
31026
31032
31038
31045
31051
31057
31063
31069
31075
31081
31088
31094
31100
31106
31112
31118
31124
31130
31137
31142
31148
31153
31158
31164
31169
31174
31180
31185
31191
31196
31201
31207
31212
31217
31223
31228
31234
31239
31244
31250
31255
31260
31266
31271
31277
31282
31287
31293
31298
31303
31309
31314
31320
31325
31330
31336
31341
31346
31352
31357
31363
31368
31373
31379
31384
31389
31395
31400
31406
31411
31416
31422
31427
31432
31438
31443
31449
31454
31459
31465
31470
31475
31481
31486
31492
31497
31502
31508
31513
31518
31524
31529
31534
31540
31545
31551
31556
31561
31567
31572
31577
31583
31588
31594
31599
31604
31610
31615
31620
31626
31631
31637
31642
31647
31653
31658
31663
31669
31674
31680
31685
31690
31696
31701
31706
31712
31717
31723
31728
31733
31739
31744
31749
31755
31760
31766
31771
31776
31782
31787
31792
31798
31803
31809
31814
31819
31825
31830
31835
31841
31847
31852
31857
31862
31867
31872
31877
31882
31887
31892
31897
31902
31907
31912
31917
31922
31927
31932
31937
31942
31947
31952
31957
31962
31967
31972
31978
31983
31988
31993
31998
32003
32008
32013
32018
32023
32028
32033
32038
32043
32048
32053
32058
32063
32068
32073
32078
32083
32088
32093
32098
32103
32108
32114
32119
32124
32129
32134
32139
32144
32149
32154
32159
32164
32169
32174
32179
32184
32189
32194
32199
32204
32209
32214
32219
32224
32229
32234
32239
32245
32250
32255
32260
32265
32270
32275
32280
32285
32290
32295
32300
32305
32310
32315
32320
32325
32330
32335
32340
32345
32350
32355
32360
32365
32370
32375
32381
32386
32391
32396
32401
32406
32411
32416
32421
32426
32431
32436
32441
32446
32451
32456
32461
32466
32471
32476
32481
32486
32491
32496
32501
32506
32512
32517
32522
32527
32532
32537
32542
32547
32552
32557
32562
32567
32572
32577
32582
32587
32592
32597
32602
32607
32612
32617
32622
32627
32632
32637
32642
32649
32656
32662
32669
32675
32682
32689
32695
32702
32708
32715
32722
32728
32735
32741
32748
32754
32761
32768
32774
32781
32787
32794
32801
32807
32814
32820
32827
32834
32840
32847
32853
32860
32866
32873
32880
32886
32893
32899
32906
32913
32919
32926
32932
32939
32945
32952
32959
32965
32972
32978
32985
32992
32998
33005
33011
33018
33025
33031
33038
33044
33051
33057
33064
33071
33077
33084
33090
33097
33104
33110
33117
33123
33130
33137
33143
33150
33156
33163
33169
33176
33183
33189
33196
33202
33209
33216
33222
33229
33235
33242
33248
33255
33262
33268
33275
33281
33288
33295
33301
33308
33314
33321
33328
33334
33341
33347
33354
33360
33367
33374
33380
33387
33393
33400
33407
33413
33420
33426
33433
33439
33446
33453
33459
33466
33472
33479
33488
33493
33499
33504
33510
33515
33521
33526
33532
33537
33542
33548
33553
33559
33564
33570
33575
33581
33586
33592
33597
33602
33608
33613
33619
33624
33630
33635
33641
33646
33652
33657
33662
33668
33673
33679
33684
33690
33695
33701
33706
33711
33717
33722
33728
33733
33739
33744
33750
33755
33761
33766
33771
33777
33782
33788
33793
33799
33804
33810
33815
33821
33826
33831
33837
33842
33848
33853
33859
33864
33870
33875
33880
33886
33891
33897
33902
33908
33913
33919
33924
33930
33935
33940
33946
33951
33957
33962
33968
33973
33979
33984
33990
33995
34000
34006
34011
34017
34022
34028
34033
34039
34044
34049
34055
34060
34066
34071
34077
34082
34088
34093
34099
34104
34109
34115
34120
34126
34131
34137
34142
34148
34153
34159
34164
34169
34175
34180
34186
34191
34200
34206
34212
34218
34224
34230
34236
34242
34249
34255
34261
34267
34273
34279
34285
34291
34297
34304
34310
34316
34322
34328
34334
34340
34346
34353
34359
34365
34371
34377
34383
34389
34395
34401
34408
34414
34420
34426
34432
34438
34444
34450
34457
34463
34469
34475
34481
34487
34493
34499
34505
34512
34518
34524
34530
34536
34542
34548
34554
34561
34567
34573
34579
34585
34591
34597
34603
34609
34616
34622
34628
34634
34640
34646
34652
34658
34665
34671
34677
34683
34689
34695
34701
34707
34713
34720
34726
34732
34738
34744
34750
34756
34762
34769
34775
34781
34787
34793
34799
34805
34811
34817
34824
34830
34836
34842
34848
34854
34860
34866
34873
34879
34885
34891
34897
34903
34909
34915
34921
34928
34934
34940
34946
34952
34958
34964
34970
34977
34983
34989
34995
35001
35007
35013
35020
35026
35033
35039
35046
35052
35059
35065
35072
35078
35085
35091
35098
35104
35111
35117
35124
35130
35137
35143
35150
35156
35163
35169
35176
35182
35188
35195
35201
35208
35214
35221
35227
35234
35240
35247
35253
35260
35266
35273
35279
35286
35292
35299
35305
35312
35318
35325
35331
35338
35344
35350
35357
35363
35370
35376
35383
35389
35396
35402
35409
35415
35422
35428
35435
35441
35448
35454
35461
35467
35474
35480
35487
35493
35500
35506
35512
35519
35525
35532
35538
35545
35551
35558
35564
35571
35577
35584
35590
35597
35603
35610
35616
35623
35629
35636
35642
35649
35655
35662
35668
35674
35681
35687
35694
35700
35707
35713
35720
35726
35733
35739
35746
35752
35759
35765
35772
35778
35785
35791
35798
35804
35811
35817
35824
35830
35836
35843
35849
35856
35862
35871
35877
35883
35889
35895
35901
35907
35913
35920
35926
35932
35938
35944
35950
35956
35962
35968
35975
35981
35987
35993
35999
36005
36011
36017
36023
36030
36036
36042
36048
36054
36060
36066
36072
36078
36085
36091
36097
36103
36109
36115
36121
36127
36134
36140
36146
36152
36158
36164
36170
36176
36182
36189
36195
36201
36207
36213
36219
36225
36231
36237
36244
36250
36256
36262
36268
36274
36280
36286
36292
36299
36305
36311
36317
36323
36329
36335
36341
36348
36354
36360
36366
36372
36378
36384
36390
36396
36403
36409
36415
36421
36427
36433
36439
36445
36451
36458
36464
36470
36476
36482
36488
36494
36500
36506
36513
36519
36525
36531
36537
36543
36549
36555
36561
36568
36574
36580
36586
36592
36598
36604
36610
36617
36623
36629
36635
36641
36647
36653
36659
36665
36672
36678
36684
36690
36696
36702
36708
36714
36720
36725
36730
36736
36741
36746
36751
36757
36762
36767
36773
36778
36783
36788
36794
36799
36804
36809
36815
36820
36825
36831
36836
36841
36846
36852
36857
36862
36868
36873
36878
36883
36889
36894
36899
36904
36910
36915
36920
36926
36931
36936
36941
36947
36952
36957
36962
36968
36973
36978
36984
36989
36994
36999
37005
37010
37015
37021
37026
37031
37036
37042
37047
37052
37057
37063
37068
37073
37079
37084
37089
37094
37100
37105
37110
37115
37121
37126
37131
37137
37142
37147
37152
37158
37163
37168
37174
37179
37184
37189
37195
37200
37205
37210
37216
37221
37226
37232
37237
37242
37247
37253
37258
37263
37268
37274
37279
37284
37290
37295
37300
37305
37311
37316
37321
37327
37332
37337
37342
37351
37358
37365
37372
37379
37386
37393
37399
37406
37413
37420
37427
37434
37441
37447
37454
37461
37468
37475
37482
37489
37495
37502
37509
37516
37523
37530
37537
37544
37550
37557
37564
37571
37578
37585
37592
37598
37605
37612
37619
37626
37633
37640
37646
37653
37660
37667
37674
37681
37688
37695
37701
37708
37715
37722
37729
37736
37743
37749
37756
37763
37770
37777
37784
37791
37797
37804
37811
37818
37825
37832
37839
37845
37852
37859
37866
37873
37880
37887
37894
37900
37907
37914
37921
37928
37935
37942
37948
37955
37962
37969
37976
37983
37990
37996
38003
38010
38017
38024
38031
38038
38045
38051
38058
38065
38072
38079
38086
38093
38099
38106
38113
38120
38127
38134
38141
38147
38154
38161
38168
38175
38182
38189
38195
38202
38209
38216
38223
38230
38237
38244
38250
38257
38264
38271
38278
38285
38292
38298
38305
38312
38319
38326
38333
38340
38346
38353
38360
38367
38374
38381
38392
38398
38404
38410
38416
38423
38429
38435
38441
38447
38453
38460
38466
38472
38478
38484
38490
38497
38503
38509
38515
38521
38528
38534
38540
38546
38552
38558
38565
38571
38577
38583
38589
38595
38602
38608
38614
38620
38626
38633
38639
38645
38651
38657
38663
38670
38676
38682
38688
38694
38700
38707
38713
38719
38725
38731
38737
38744
38750
38756
38762
38768
38775
38781
38787
38793
38799
38805
38812
38818
38824
38830
38836
38842
38849
38855
38861
38867
38873
38880
38886
38892
38898
38904
38910
38917
38923
38929
38935
38941
38947
38954
38960
38966
38972
38978
38984
38991
38997
39003
39009
39015
39022
39028
39034
39040
39046
39052
39059
39065
39071
39077
39083
39089
39096
39102
39108
39114
39120
39127
39133
39139
39145
39151
39157
39164
39170
39176
39182
39188
39194
39201
39207
39213
39219
39224
39230
39236
39242
39247
39253
39259
39265
39270
39276
39282
39288
39294
39299
39305
39311
39317
39322
39328
39334
39340
39345
39351
39357
39363
39369
39374
39380
39386
39392
39397
39403
39409
39415
39420
39426
39432
39438
39443
39449
39455
39461
39467
39472
39478
39484
39490
39495
39501
39507
39513
39518
39524
39530
39536
39542
39547
39553
39559
39565
39570
39576
39582
39588
39593
39599
39605
39611
39617
39622
39628
39634
39640
39645
39651
39657
39663
39668
39674
39680
39686
39691
39697
39703
39709
39715
39720
39726
39732
39738
39743
39749
39755
39761
39766
39772
39778
39784
39790
39795
39801
39807
39813
39818
39824
39830
39836
39841
39847
39853
39859
39865
39870
39876
39882
39888
39893
39899
39905
39911
39916
39922
39928
39934
39939
39945
39951
39957
39963
39968
39974
39981
39987
39993
39998
40004
40010
40015
40021
40027
40032
40038
40044
40049
40055
40061
40066
40072
40078
40084
40089
40095
40101
40106
40112
40118
40123
40129
40135
40140
40146
40152
40157
40163
40169
40175
40180
40186
40192
40197
40203
40209
40214
40220
40226
40231
40237
40243
40248
40254
40260
40266
40271
40277
40283
40288
40294
40300
40305
40311
40317
40322
40328
40334
40339
40345
40351
40356
40362
40368
40374
40379
40385
40391
40396
40402
40408
40413
40419
40425
40430
40436
40442
40447
40453
40459
40465
40470
40476
40482
40487
40493
40499
40504
40510
40516
40521
40527
40533
40538
40544
40550
40556
40561
40567
40573
40578
40584
40590
40595
40601
40607
40612
40618
40624
40629
40635
40641
40647
40652
40658
40664
40669
40675
40681
40686
40692
40698
40703
40709
40715
40720
40731
40737
40743
40749
40755
40761
40767
40773
40779
40784
40790
40796
40802
40808
40814
40820
40826
40832
40838
40843
40849
40855
40861
40867
40873
40879
40885
40891
40896
40902
40908
40914
40920
40926
40932
40938
40944
40950
40955
40961
40967
40973
40979
40985
40991
40997
41003
41009
41014
41020
41026
41032
41038
41044
41050
41056
41062
41067
41073
41079
41085
41091
41097
41103
41109
41115
41121
41126
41132
41138
41144
41150
41156
41162
41168
41174
41179
41185
41191
41197
41203
41209
41215
41221
41227
41233
41238
41244
41250
41256
41262
41268
41274
41280
41286
41292
41297
41303
41309
41315
41321
41327
41333
41339
41345
41350
41356
41362
41368
41374
41380
41386
41392
41398
41404
41409
41415
41421
41427
41433
41439
41445
41451
41457
41463
41468
41474
41480
41486
41492
41502
41508
41515
41521
41527
41534
41540
41546
41553
41559
41565
41572
41578
41584
41591
41597
41603
41610
41616
41622
41629
41635
41642
41648
41654
41661
41667
41673
41680
41686
41692
41699
41705
41711
41718
41724
41730
41737
41743
41749
41756
41762
41769
41775
41781
41788
41794
41800
41807
41813
41819
41826
41832
41838
41845
41851
41857
41864
41870
41876
41883
41889
41895
41902
41908
41915
41921
41927
41934
41940
41946
41953
41959
41965
41972
41978
41984
41991
41997
42003
42010
42016
42022
42029
42035
42042
42048
42054
42061
42067
42073
42080
42086
42092
42099
42105
42111
42118
42124
42130
42137
42143
42149
42156
42162
42169
42175
42181
42188
42194
42200
42207
42213
42219
42226
42232
42238
42245
42251
42257
42264
42270
42276
42283
42289
42295
42302
42308
42315
42321
42327
42334
42340
42346
42353
42359
42365
42372
42378
42384
42392
42398
42403
42409
42415
42420
42426
42432
42437
42443
42449
42454
42460
42466
42471
42477
42483
42488
42494
42500
42505
42511
42517
42522
42528
42533
42539
42545
42550
42556
42562
42567
42573
42579
42584
42590
42596
42601
42607
42613
42618
42624
42630
42635
42641
42647
42652
42658
42664
42669
42675
42680
42686
42692
42697
42703
42709
42714
42720
42726
42731
42737
42743
42748
42754
42760
42765
42771
42777
42782
42788
42794
42799
42805
42810
42816
42822
42827
42833
42839
42844
42850
42856
42861
42867
42873
42878
42884
42890
42895
42901
42907
42912
42918
42924
42929
42935
42941
42946
42952
42957
42963
42969
42974
42980
42986
42991
42997
43003
43008
43014
43020
43025
43031
43037
43042
43048
43054
43059
43065
43071
43076
43082
43087
43093
43099
43104
43110
43116
43121
43127
43133
43142
43148
43153
43159
43164
43170
43176
43181
43187
43192
43198
43203
43209
43215
43220
43226
43231
43237
43243
43248
43254
43259
43265
43270
43276
43282
43287
43293
43298
43304
43309
43315
43321
43326
43332
43337
43343
43349
43354
43360
43365
43371
43376
43382
43388
43393
43399
43404
43410
43415
43421
43427
43432
43438
43443
43449
43455
43460
43466
43471
43477
43482
43488
43494
43499
43505
43510
43516
43521
43527
43533
43538
43544
43549
43555
43561
43566
43572
43577
43583
43588
43594
43600
43605
43611
43616
43622
43628
43633
43639
43644
43650
43655
43661
43667
43672
43678
43683
43689
43694
43700
43706
43711
43717
43722
43728
43734
43739
43745
43750
43756
43761
43767
43773
43778
43784
43789
43795
43800
43806
43812
43817
43823
43828
43834
43842
43848
43854
43860
43866
43872
43878
43883
43889
43895
43901
43907
43913
43919
43924
43930
43936
43942
43948
43954
43960
43966
43971
43977
43983
43989
43995
44001
44007
44012
44018
44024
44030
44036
44042
44048
44053
44059
44065
44071
44077
44083
44089
44095
44100
44106
44112
44118
44124
44130
44136
44141
44147
44153
44159
44165
44171
44177
44182
44188
44194
44200
44206
44212
44218
44224
44229
44235
44241
44247
44253
44259
44265
44270
44276
44282
44288
44294
44300
44306
44311
44317
44323
44329
44335
44341
44347
44353
44358
44364
44370
44376
44382
44388
44394
44399
44405
44411
44417
44423
44429
44435
44440
44446
44452
44458
44464
44470
44476
44482
44487
44493
44499
44505
44511
44517
44523
44528
44534
44540
44546
44552
44558
44564
44569
44575
44581
44587
44593
44599
44605
44611
44616
44622
44628
44634
44644
44650
44657
44663
44670
44676
44682
44689
44695
44702
44708
44714
44721
44727
44734
44740
44746
44753
44759
44766
44772
44778
44785
44791
44798
44804
44810
44817
44823
44830
44836
44842
44849
44855
44862
44868
44875
44881
44887
44894
44900
44907
44913
44919
44926
44932
44939
44945
44951
44958
44964
44971
44977
44983
44990
44996
45003
45009
45015
45022
45028
45035
45041
45047
45054
45060
45067
45073
45080
45086
45092
45099
45105
45112
45118
45124
45131
45137
45144
45150
45156
45163
45169
45176
45182
45188
45195
45201
45208
45214
45220
45227
45233
45240
45246
45252
45259
45265
45272
45278
45285
45291
45297
45304
45310
45317
45323
45329
45336
45342
45349
45355
45361
45368
45374
45381
45387
45393
45400
45406
45413
45419
45425
45432
45438
45445
45451
45457
45464
45470
45477
45483
45490
45496
45502
45509
45515
45522
45536
45544
45552
45560
45569
45577
45585
45593
45602
45610
45618
45626
45634
45643
45651
45659
45667
45676
45684
45692
45700
45708
45717
45725
45733
45741
45750
45758
45766
45774
45783
45791
45799
45807
45815
45824
45832
45840
45848
45857
45865
45873
45881
45889
45898
45906
45914
45922
45931
45939
45947
45955
45964
45972
45980
45988
45996
46005
46013
46021
46029
46038
46046
46054
46062
46070
46079
46087
46095
46103
46112
46120
46128
46136
46145
46153
46161
46169
46177
46186
46194
46202
46210
46219
46227
46235
46243
46251
46260
46268
46276
46284
46293
46301
46309
46317
46325
46334
46342
46350
46358
46367
46375
46383
46391
46400
46408
46416
46424
46432
46441
46449
46457
46465
46474
46482
46490
46498
46506
46515
46525
46532
46539
46546
46553
46560
46567
46574
46581
46588
46594
46601
46608
46615
46622
46629
46636
46643
46650
46657
46664
46670
46677
46684
46691
46698
46705
46712
46719
46726
46733
46739
46746
46753
46760
46767
46774
46781
46788
46795
46802
46809
46815
46822
46829
46836
46843
46850
46857
46864
46871
46878
46885
46891
46898
46905
46912
46919
46926
46933
46940
46947
46954
46960
46967
46974
46981
46988
46995
47002
47009
47016
47023
47030
47036
47043
47050
47057
47064
47071
47078
47085
47092
47099
47106
47112
47119
47126
47133
47140
47147
47154
47161
47168
47175
47181
47188
47195
47202
47209
47216
47223
47230
47237
47244
47251
47257
47264
47271
47278
47285
47292
47299
47306
47313
47320
47326
47333
47340
47347
47354
47361
47368
47375
47382
47389
47396
47402
47409
47420
47430
47440
47450
47460
47470
47480
47490
47500
47510
47520
47530
47540
47550
47560
47570
47580
47590
47600
47610
47620
47630
47640
47650
47660
47670
47680
47690
47700
47710
47720
47730
47740
47750
47760
47770
47780
47790
47800
47810
47820
47830
47840
47850
47860
47870
47880
47890
47900
47910
47920
47930
47940
47950
47960
47970
47980
47990
48000
48010
48020
48030
48040
48050
48060
48070
48080
48090
48100
48110
48120
48130
48141
48151
48161
48171
48181
48191
48201
48211
48221
48231
48241
48251
48261
48271
48281
48291
48301
48311
48321
48331
48341
48351
48361
48371
48381
48391
48401
48411
48421
48431
48441
48451
48461
48471
48481
48491
48501
48511
48521
48531
48541
48551
48561
48571
48581
48591
48601
48611
48621
48631
48641
48651
48685
48710
48736
48761
48787
48812
48838
48863
48889
48914
48940
48965
48990
49016
49041
49067
49092
49118
49143
49169
49194
49220
49245
49271
49296
49321
49347
49372
49398
49423
49449
49474
49500
49525
49551
49576
49602
49627
49652
49678
49703
49729
49754
49780
49805
49831
49856
49882
49907
49933
49958
49983
50009
50034
50060
50085
50111
50136
50162
50187
50213
50238
50264
50289
50314
50340
50365
50391
50416
50442
50467
50493
50518
50544
50569
50594
50620
50645
50671
50696
50722
50747
50773
50798
50824
50849
50875
50900
50925
50951
50976
51002
51027
51053
51078
51104
51129
51155
51180
51206
51231
51256
51282
51307
51333
51358
51384
51409
51435
51460
51486
51546
51582
51619
51655
51692
51728
51765
51801
51838
51874
51910
51947
51983
52020
52056
52093
52129
52166
52202
52238
52275
52311
52348
52384
52421
52457
52494
52530
52566
52603
52639
52676
52712
52749
52785
52822
52858
52895
52931
52967
53004
53040
53077
53113
53150
53186
53223
53259
53295
53332
53368
53405
53441
53478
53514
53551
53587
53623
53660
53696
53733
53769
53806
53842
53879
53915
53952
53988
54024
54061
54097
54134
54170
54207
54243
54280
54316
54352
54389
54425
54462
54498
54535
54571
54608
54644
54680
54717
54753
54790
54826
54863
54899
54936
54972
55009
55045
55081
55118
55154
55191
55227
55264
55300
55337
55373
55409
55446
55482
55519
55555
55592
55628
55665
55701
55737
55774
55810
55847
55883
55920
55956
55993
56029
56065
56102
56138
56175
56211
56248
56284
56321
56357
56394
56430
56466
56503
56542
56564
56587
56609
56632
56654
56677
56699
56721
56744
56766
56789
56811
56834
56856
56879
56901
56923
56946
56968
56991
57013
57036
57058
57081
57103
57125
57148
57170
57193
57215
57238
57260
57283
57305
57327
57350
57372
57395
57417
57440
57462
57485
57507
57529
57552
57574
57597
57619
57642
57664
57686
57709
57731
57754
57776
57799
57821
57844
57866
57888
57911
57933
57956
57978
58001
58023
58046
58068
58090
58113
58135
58158
58180
58203
58225
58248
58270
58292
58315
58337
58360
58382
58405
58427
58450
58472
58494
58517
58539
58562
58584
58607
58629
58651
58674
58696
58719
58741
58764
58786
58809
58831
58853
58876
58898
58921
58943
58966
58988
59011
59033
59055
59078
59100
59123
59145
59168
59190
59213
59235
59257
59280
59302
59325
59347
59370
59398
59416
59434
59452
59469
59487
59505
59523
59540
59558
59576
59594
59611
59629
59647
59665
59683
59700
59718
59736
59754
59771
59789
59807
59825
59842
59860
59878
59896
59914
59931
59949
59967
59985
60002
60020
60038
60056
60073
60091
60109
60127
60145
60162
60180
60198
60216
60233
60251
60269
60287
60304
60322
60340
60358
60376
60393
60411
60429
60447
60464
60482
60500
60518
60535
60553
60571
60589
60607
60624
60642
60660
60678
60695
60713
60731
60749
60766
60784
60802
60820
60837
60855
60873
60891
60909
60926
60944
60962
60980
60997
61015
61033
61051
61068
61086
61114
61127
61140
61153
61166
61179
61192
61205
61218
61231
61244
61257
61270
61283
61296
61309
61322
61335
61348
61361
61375
61388
61401
61414
61427
61440
61453
61466
61479
61492
61505
61518
61531
61544
61557
61570
61583
61596
61609
61622
61636
61649
61662
61675
61688
61701
61718
61734
61750
61766
61782
61798
61814
61830
61846
61862
61878
61894
61910
61926
61942
61958
61974
61990
62006
62022
62038
62054
62070
62086
62102
62118
62134
62150
62166
62182
62198
62214
62230
62246
62262
62278
62294
62310
62326
62342
62358
62374
62390
62406
62422
62438
62454
62470
62486
62502
62518
62534
62550
62566
62582
62598
62614
62630
62646
62662
62678
62694
62710
62726
62742
62758
62774
62790
62806
62822
62838
62854
62870
62886
62902
62918
62934
62950
62966
62982
62998
63014
63030
63046
63062
63078
63094
63110
63126
63142
63159
63175
63191
63207
63223
63239
63255
63271
63287
63303
63319
63335
63351
63367
63383
63399
63415
63431
63447
63463
63479
63495
63511
63527
63543
63559
63575
63591
63607
63623
63639
63655
63671
63687
63703
63719
63735
63751
63767
63783
63799
63815
63831
63847
63863
63879
63895
63911
63927
63943
63959
63975
63991
64007
64023
64039
64055
64071
64087
64103
64119
64135
64151
64167
64183
64199
64215
64231
64247
64263
64279
64295
64313
64324
64335
64346
64357
64368
64379
64390
64401
64412
64423
64434
64446
64457
64468
64479
64490
64501
64512
64523
64534
64545
64556
64567
64578
64590
64601
64612
64623
64634
64645
64656
64667
64678
64689
64700
64711
64722
64734
64745
64756
64767
64778
64789
64800
64811
64822
64833
64844
64855
64867
64878
64889
64900
64911
64922
64933
64944
64955
64966
64977
64988
64999
65011
65022
65033
65044
65055
65066
65077
65088
65099
65110
65121
65132
65143
65155
65166
65177
65188
65199
65210
65221
65232
65243
65254
65265
65276
65287
65299
65310
65321
65332
65343
65354
65365
65376
65387
65398
65409
65420
65432
65443
65454
65465
65476
65487
65498
65509
65520
65531
65542
65553
65564
65576
65587
65598
65609
65620
65631
65642
65653
65664
65675
65692
65702
65712
65722
65731
65741
65751
65761
65770
65780
65790
65800
65810
65819
65829
65839
65849
65858
65868
65878
65888
65898
65907
65917
65927
65937
65946
65956
65966
65976
65986
65995
66005
66015
66025
66034
66044
66054
66064
66074
66083
66093
66103
66113
66122
66132
66142
66152
66162
66171
66181
66191
66201
66210
66220
66230
66240
66250
66259
66269
66279
66289
66298
66308
66318
66328
66338
66347
66357
66367
66377
66386
66396
66406
66416
66426
66435
66445
66455
66465
66474
66484
66494
66504
66514
66523
66533
66543
66553
66562
66572
66582
66592
66602
66611
66621
66631
66641
66650
66660
66670
66680
66690
66699
66709
66719
66729
66738
66748
66758
66768
66778
66787
66797
66807
66817
66826
66836
66846
66856
66866
66875
66885
66895
66905
66914
66924
66934
66944
66954
66963
66973
66989
66995
67001
67007
67013
67019
67026
67032
67038
67044
67050
67056
67062
67069
67075
67081
67087
67093
67099
67106
67112
67118
67124
67130
67136
67142
67149
67155
67161
67167
67173
67179
67185
67192
67198
67204
67210
67216
67222
67229
67235
67241
67247
67253
67259
67265
67272
67278
67284
67290
67296
67302
67309
67315
67321
67329
67335
67341
67348
67354
67360
67366
67373
67379
67385
67392
67398
67404
67410
67417
67423
67429
67435
67442
67448
67454
67461
67467
67473
67479
67486
67492
67498
67504
67511
67517
67523
67530
67536
67542
67548
67555
67561
67567
67573
67580
67586
67592
67599
67610
67617
67624
67632
67639
67646
67654
67661
67668
67675
67683
67690
67697
67705
67712
67719
67727
67734
67741
67748
67756
67763
67770
67778
67785
67792
67800
67807
67814
67821
67829
67836
67843
67851
67858
67865
67873
67880
67887
67894
67902
67909
67916
67924
67931
67938
67946
67953
67960
67967
67975
67982
67989
67997
68004
68011
68019
68026
68033
68040
68048
68055
68062
68070
68077
68084
68092
